Samples	SBS96A	SBS96B	SBS96C
TCGA-05-4244	1.86E+00	1.84E+00	6.53E-01
TCGA-05-4249	2.73E+00	2.65E+00	8.77E-01
TCGA-05-4250	2.66E+00	2.42E+00	1.16E+00
TCGA-05-4382	1.44E+01	1.49E+01	2.40E+00
TCGA-05-4384	1.38E+00	1.47E+00	5.64E-01
TCGA-05-4389	1.16E+00	1.41E+00	1.17E+00
TCGA-05-4390	5.50E+00	5.56E+00	8.53E-01
TCGA-05-4395	1.96E+00	1.66E+00	1.40E+00
TCGA-05-4396	1.20E+00	9.77E-01	8.17E-01
TCGA-05-4397	5.91E+00	5.76E+00	1.96E+00
TCGA-05-4398	5.77E+00	5.51E+00	1.48E+00
TCGA-05-4402	4.30E-01	9.67E-01	9.97E-01
TCGA-05-4403	1.03E+00	1.02E+00	5.80E-01
TCGA-05-4405	2.94E+00	2.74E+00	9.20E-01
TCGA-05-4410	9.34E+00	9.78E+00	2.03E+00
TCGA-05-4415	2.20E+00	2.24E+00	5.34E-01
TCGA-05-4417	2.87E+00	2.88E+00	5.55E-01
TCGA-05-4418	2.12E+00	2.12E+00	6.80E-01
TCGA-05-4420	2.52E+00	2.66E+00	7.31E-01
TCGA-05-4422	5.25E-01	6.30E-01	4.98E-01
TCGA-05-4424	5.37E+00	5.33E+00	1.56E+00
TCGA-05-4425	0.00E+00	6.04E-01	6.04E-01
TCGA-05-4426	3.84E-01	5.03E-01	3.54E-01
TCGA-05-4427	8.11E+00	7.98E+00	1.48E+00
TCGA-05-4430	3.01E+00	3.04E+00	7.77E-01
TCGA-05-4432	5.27E+00	5.20E+00	1.09E+00
TCGA-05-4433	1.86E-01	3.70E-01	3.42E-01
TCGA-05-4434	1.00E-02	4.68E-01	4.67E-01
TCGA-05-5420	9.02E-01	9.59E-01	4.44E-01
TCGA-05-5423	1.26E+00	1.12E+00	5.98E-01
TCGA-05-5425	5.08E+00	5.22E+00	1.00E+00
TCGA-05-5428	2.67E+00	2.29E+00	1.53E+00
TCGA-05-5429	2.23E-02	5.39E-01	5.39E-01
TCGA-05-5715	5.28E-01	8.76E-01	9.05E-01
TCGA-35-3615	9.24E-01	9.30E-01	9.48E-01
TCGA-35-4122	1.93E+00	1.80E+00	1.04E+00
TCGA-35-4123	2.78E+00	2.73E+00	5.99E-01
TCGA-35-5375	3.05E+00	2.97E+00	1.06E+00
TCGA-38-4625	5.11E+00	4.90E+00	1.54E+00
TCGA-38-4626	2.96E+00	3.03E+00	5.61E-01
TCGA-38-4627	3.28E-01	4.63E-01	3.64E-01
TCGA-38-4628	9.57E-01	1.06E+00	7.66E-01
TCGA-38-4629	2.15E+00	2.04E+00	9.56E-01
TCGA-38-4630	5.76E-01	1.06E+00	1.07E+00
TCGA-38-4631	7.38E+00	7.56E+00	1.05E+00
TCGA-38-4632	4.69E+00	4.74E+00	1.04E+00
TCGA-38-6178	6.82E-01	9.04E-01	6.22E-01
TCGA-38-7271	9.80E-01	8.00E-01	6.98E-01
TCGA-38-A44F	1.48E-01	1.87E-01	1.49E-01
TCGA-44-2655	1.90E+00	2.01E+00	5.78E-01
TCGA-44-2656	1.58E+01	1.59E+01	1.72E+00
TCGA-44-2657	6.24E+00	5.94E+00	1.71E+00
TCGA-44-2659	6.88E+00	7.17E+00	1.07E+00
TCGA-44-2661	3.25E-01	6.61E-01	6.00E-01
TCGA-44-2662	1.40E+00	1.77E+00	1.96E+00
TCGA-44-2665	3.18E-01	9.35E-01	9.46E-01
TCGA-44-2666	2.45E-01	6.66E-01	6.38E-01
TCGA-44-2668	6.30E+00	6.55E+00	1.59E+00
TCGA-44-3396	1.64E+00	1.86E+00	1.90E+00
TCGA-44-3398	2.39E+00	2.34E+00	1.24E+00
TCGA-44-3918	1.59E+01	1.62E+01	2.33E+00
TCGA-44-3919	4.85E-01	8.51E-01	8.35E-01
TCGA-44-4112	6.38E+00	6.49E+00	1.93E+00
TCGA-44-5643	1.75E+00	1.65E+00	1.44E+00
TCGA-44-5644	1.68E+01	1.74E+01	2.30E+00
TCGA-44-5645	0.00E+00	1.30E-01	1.30E-01
TCGA-44-6144	3.47E+00	3.22E+00	1.00E+00
TCGA-44-6145	6.57E+00	6.68E+00	9.80E-01
TCGA-44-6146	3.78E-01	6.40E-01	5.86E-01
TCGA-44-6147	2.41E+00	2.54E+00	7.24E-01
TCGA-44-6148	2.23E-01	2.24E-01	1.00E-02
TCGA-44-6774	6.17E+00	6.28E+00	8.34E-01
TCGA-44-6775	8.22E-01	8.65E-01	7.14E-01
TCGA-44-6776	3.66E+00	3.65E+00	8.19E-01
TCGA-44-6777	5.14E+00	5.16E+00	1.85E+00
TCGA-44-6778	6.97E+00	6.97E+00	1.10E+00
TCGA-44-6779	8.87E-01	9.97E-01	6.19E-01
TCGA-44-7659	2.40E+00	2.38E+00	8.29E-01
TCGA-44-7660	4.82E+00	4.75E+00	1.46E+00
TCGA-44-7661	4.61E+00	4.70E+00	1.39E+00
TCGA-44-7662	8.88E+00	8.70E+00	1.67E+00
TCGA-44-7667	7.86E+00	7.63E+00	1.38E+00
TCGA-44-7669	7.16E+00	7.34E+00	1.32E+00
TCGA-44-7670	1.60E+01	1.60E+01	3.09E+00
TCGA-44-7671	4.07E+00	4.08E+00	1.05E+00
TCGA-44-7672	3.41E+00	3.41E+00	9.25E-01
TCGA-44-8117	6.12E+00	6.12E+00	1.07E+00
TCGA-44-8119	5.18E+00	5.21E+00	8.21E-01
TCGA-44-8120	5.18E+00	5.19E+00	9.26E-01
TCGA-44-A479	2.71E+00	2.81E+00	7.03E-01
TCGA-44-A47A	1.28E+00	1.37E+00	1.39E+00
TCGA-44-A47B	4.21E-01	5.54E-01	4.08E-01
TCGA-44-A47G	5.89E-01	8.62E-01	7.42E-01
TCGA-44-A4SS	3.48E+00	3.33E+00	1.24E+00
TCGA-44-A4SU	1.38E+00	1.40E+00	5.28E-01
TCGA-49-4486	7.55E-01	1.15E+00	1.18E+00
TCGA-49-4487	3.22E+00	3.21E+00	9.57E-01
TCGA-49-4488	2.60E+00	2.51E+00	8.14E-01
TCGA-49-4490	2.50E-01	7.07E-01	6.76E-01
TCGA-49-4494	2.10E+00	2.02E+00	6.21E-01
TCGA-49-4501	2.76E-01	6.77E-01	6.53E-01
TCGA-49-4505	1.89E+00	1.74E+00	6.91E-01
TCGA-49-4506	1.13E+00	1.11E+00	3.98E-01
TCGA-49-4507	1.53E+00	1.47E+00	1.13E+00
TCGA-49-4510	6.69E-01	6.21E-01	3.23E-01
TCGA-49-4512	3.69E-01	5.68E-01	4.69E-01
TCGA-49-4514	2.36E+00	2.33E+00	1.35E+00
TCGA-49-6742	8.05E-01	1.70E+00	1.80E+00
TCGA-49-6743	4.68E+00	4.56E+00	1.70E+00
TCGA-49-6744	2.57E+00	2.68E+00	5.64E-01
TCGA-49-6745	4.58E-01	1.15E+00	1.13E+00
TCGA-49-6761	1.41E+00	1.10E+00	1.20E+00
TCGA-49-6767	4.53E+00	4.57E+00	9.50E-01
TCGA-49-AAQV	3.61E-01	7.03E-01	6.95E-01
TCGA-49-AAR0	1.36E+00	1.37E+00	7.74E-01
TCGA-49-AAR2	3.67E+00	3.64E+00	6.57E-01
TCGA-49-AAR3	1.17E+00	1.25E+00	5.45E-01
TCGA-49-AAR4	4.49E+00	4.52E+00	1.59E+00
TCGA-49-AAR9	6.49E+00	6.50E+00	9.80E-01
TCGA-49-AARE	1.13E+01	1.12E+01	1.64E+00
TCGA-49-AARN	3.22E+00	2.69E+00	3.06E+00
TCGA-49-AARO	6.10E+00	6.34E+00	9.85E-01
TCGA-49-AARQ	6.16E+00	6.04E+00	1.67E+00
TCGA-49-AARR	1.06E-01	1.08E-01	3.00E-02
TCGA-4B-A93V	1.41E+00	1.34E+00	6.41E-01
TCGA-50-5044	7.00E-01	9.49E-01	1.03E+00
TCGA-50-5045	3.08E+00	3.17E+00	6.21E-01
TCGA-50-5049	7.83E+00	8.13E+00	1.10E+00
TCGA-50-5051	9.54E-01	9.55E-01	4.57E-01
TCGA-50-5055	2.00E-02	2.56E-01	2.58E-01
TCGA-50-5066	5.77E+00	5.65E+00	1.24E+00
TCGA-50-5068	7.44E-01	8.41E-01	5.05E-01
TCGA-50-5072	1.49E+00	1.48E+00	7.44E-01
TCGA-50-5930	1.08E+01	1.12E+01	1.15E+00
TCGA-50-5931	2.45E+00	2.53E+00	7.87E-01
TCGA-50-5932	9.40E-01	9.34E-01	3.29E-01
TCGA-50-5933	4.50E+00	4.34E+00	1.35E+00
TCGA-50-5935	0.00E+00	7.63E-01	7.64E-01
TCGA-50-5936	8.61E-01	1.06E+00	9.55E-01
TCGA-50-5939	5.39E-01	7.97E-01	6.84E-01
TCGA-50-5941	3.61E+00	3.60E+00	9.94E-01
TCGA-50-5942	6.84E-01	7.08E-01	2.32E-01
TCGA-50-5944	4.83E-01	6.36E-01	5.56E-01
TCGA-50-5946	8.12E+00	7.57E+00	2.64E+00
TCGA-50-6590	7.41E+00	7.27E+00	2.20E+00
TCGA-50-6591	4.45E-01	6.97E-01	5.49E-01
TCGA-50-6592	2.05E+00	1.90E+00	1.19E+00
TCGA-50-6593	2.63E+00	2.59E+00	7.75E-01
TCGA-50-6594	4.42E+00	4.49E+00	1.02E+00
TCGA-50-6595	7.71E-01	9.87E-01	7.92E-01
TCGA-50-6597	2.17E-01	7.19E-01	7.13E-01
TCGA-50-6673	5.81E-01	5.69E-01	4.42E-01
TCGA-50-7109	2.26E+00	2.24E+00	6.05E-01
TCGA-50-8457	5.88E-01	6.30E-01	5.02E-01
TCGA-50-8459	9.45E-01	9.69E-01	4.32E-01
TCGA-50-8460	2.43E-01	4.81E-01	4.51E-01
TCGA-53-7624	5.85E+00	6.07E+00	1.67E+00
TCGA-53-7626	2.16E+00	2.27E+00	1.19E+00
TCGA-53-7813	1.62E+00	1.72E+00	3.41E-01
TCGA-53-A4EZ	4.53E+00	4.60E+00	9.84E-01
TCGA-55-1592	3.78E+00	3.69E+00	1.47E+00
TCGA-55-1594	1.20E+00	1.34E+00	1.21E+00
TCGA-55-1595	3.21E+00	3.10E+00	7.17E-01
TCGA-55-1596	1.57E+00	1.61E+00	5.11E-01
TCGA-55-5899	3.20E+00	3.01E+00	1.51E+00
TCGA-55-6543	1.67E-01	2.85E-01	2.56E-01
TCGA-55-6642	1.26E+00	1.26E+00	5.20E-01
TCGA-55-6712	6.94E-01	1.05E+00	1.04E+00
TCGA-55-6968	2.14E+00	2.19E+00	1.99E+00
TCGA-55-6969	4.25E+00	4.36E+00	9.47E-01
TCGA-55-6970	1.82E+00	1.83E+00	5.80E-01
TCGA-55-6971	8.80E-01	9.15E-01	4.11E-01
TCGA-55-6972	1.94E+00	1.90E+00	1.41E+00
TCGA-55-6975	8.77E-01	8.27E-01	5.23E-01
TCGA-55-6978	5.19E-01	5.21E-01	0.00E+00
TCGA-55-6979	8.82E-01	0.00E+00	8.82E-01
TCGA-55-6980	3.71E-01	3.71E-01	3.00E-02
TCGA-55-6981	7.65E-01	7.53E-01	5.21E-01
TCGA-55-6982	7.93E-01	1.15E+00	1.34E+00
TCGA-55-6983	9.45E-01	9.12E-01	4.52E-01
TCGA-55-6984	5.05E-01	5.22E-01	2.22E-01
TCGA-55-6985	4.43E+00	4.42E+00	7.19E-01
TCGA-55-6986	3.56E-01	3.89E-01	2.67E-01
TCGA-55-6987	1.75E+00	1.63E+00	1.06E+00
TCGA-55-7227	1.35E+00	1.37E+00	4.90E-01
TCGA-55-7281	7.56E+00	7.58E+00	1.36E+00
TCGA-55-7283	2.24E+00	2.10E+00	2.08E+00
TCGA-55-7284	0.00E+00	5.15E-01	5.15E-01
TCGA-55-7570	5.23E+00	5.10E+00	1.85E+00
TCGA-55-7573	5.79E-01	5.76E-01	4.27E-01
TCGA-55-7574	3.04E+00	2.96E+00	1.99E+00
TCGA-55-7576	5.85E+00	5.59E+00	1.45E+00
TCGA-55-7724	1.38E+00	1.56E+00	1.02E+00
TCGA-55-7725	1.42E+00	1.46E+00	3.96E-01
TCGA-55-7726	4.90E-01	8.91E-01	9.02E-01
TCGA-55-7727	1.59E+00	1.77E+00	1.26E+00
TCGA-55-7728	8.61E-01	8.49E-01	3.81E-01
TCGA-55-7815	1.51E+00	1.55E+00	5.84E-01
TCGA-55-7816	0.00E+00	3.43E-02	3.43E-02
TCGA-55-7903	9.76E-01	9.35E-01	8.83E-01
TCGA-55-7907	9.52E+00	9.73E+00	1.94E+00
TCGA-55-7910	2.51E+00	2.45E+00	6.79E-01
TCGA-55-7911	1.94E+00	1.91E+00	8.19E-01
TCGA-55-7913	2.86E+00	2.86E+00	1.04E+00
TCGA-55-7914	1.29E+00	1.33E+00	6.59E-01
TCGA-55-7994	1.25E+01	1.29E+01	1.97E+00
TCGA-55-7995	5.32E+00	5.29E+00	1.52E+00
TCGA-55-8085	1.61E+00	1.58E+00	1.31E+00
TCGA-55-8087	2.58E-01	5.68E-01	5.26E-01
TCGA-55-8089	8.72E+00	8.66E+00	2.72E+00
TCGA-55-8090	9.36E-01	9.07E-01	3.76E-01
TCGA-55-8091	2.20E-01	2.88E-01	2.07E-01
TCGA-55-8092	3.37E+00	3.00E+00	1.83E+00
TCGA-55-8094	3.77E+00	3.80E+00	7.98E-01
TCGA-55-8096	1.57E+00	1.57E+00	6.69E-01
TCGA-55-8097	6.52E-01	7.83E-01	5.93E-01
TCGA-55-8203	4.26E+00	4.39E+00	7.21E-01
TCGA-55-8204	1.55E+00	1.50E+00	1.36E+00
TCGA-55-8205	3.34E+00	3.06E+00	1.79E+00
TCGA-55-8206	3.36E-01	4.80E-01	4.00E-01
TCGA-55-8207	2.62E+00	2.66E+00	6.87E-01
TCGA-55-8208	1.47E+00	1.72E+00	1.58E+00
TCGA-55-8299	3.95E+00	4.01E+00	8.94E-01
TCGA-55-8301	2.15E+00	2.03E+00	8.91E-01
TCGA-55-8302	6.25E+00	6.36E+00	1.07E+00
TCGA-55-8505	1.97E-01	5.78E-01	5.43E-01
TCGA-55-8506	8.37E+00	7.17E+00	2.53E+00
TCGA-55-8507	8.97E+00	9.08E+00	1.47E+00
TCGA-55-8508	1.68E+00	1.64E+00	6.95E-01
TCGA-55-8510	2.56E+00	2.79E+00	9.62E-01
TCGA-55-8511	4.07E+00	3.97E+00	1.35E+00
TCGA-55-8512	5.36E-01	5.40E-01	2.99E-01
TCGA-55-8513	0.00E+00	2.32E-01	2.32E-01
TCGA-55-8514	2.26E+00	2.33E+00	6.28E-01
TCGA-55-8614	1.28E+00	1.34E+00	9.73E-01
TCGA-55-8615	1.33E+00	1.28E+00	4.36E-01
TCGA-55-8616	4.57E+00	4.49E+00	8.47E-01
TCGA-55-8619	1.76E-01	2.38E-01	1.89E-01
TCGA-55-8620	3.83E+00	3.74E+00	7.95E-01
TCGA-55-8621	7.80E-01	8.44E-01	4.89E-01
TCGA-55-A48X	3.97E+00	4.08E+00	1.06E+00
TCGA-55-A48Y	8.02E-01	1.06E+00	1.28E+00
TCGA-55-A48Z	5.42E-01	6.19E-01	3.83E-01
TCGA-55-A490	1.14E+01	1.15E+01	1.65E+00
TCGA-55-A491	3.02E+00	2.82E+00	9.57E-01
TCGA-55-A492	2.47E+00	2.47E+00	7.11E-01
TCGA-55-A493	2.09E+00	2.10E+00	1.04E+00
TCGA-55-A494	1.85E+00	1.66E+00	7.02E-01
TCGA-55-A4DF	2.07E+00	2.47E+00	2.48E+00
TCGA-55-A4DG	6.15E+00	6.34E+00	9.57E-01
TCGA-55-A57B	3.20E-01	5.97E-01	5.09E-01
TCGA-62-8394	6.78E-01	1.03E+00	1.04E+00
TCGA-62-8395	2.79E-01	7.83E-01	8.12E-01
TCGA-62-8397	3.07E-01	3.50E-01	2.65E-01
TCGA-62-8398	7.06E-01	8.03E-01	4.96E-01
TCGA-62-8399	2.56E+00	2.28E+00	1.72E+00
TCGA-62-8402	3.63E-01	6.50E-01	6.27E-01
TCGA-62-A46O	6.47E+00	6.17E+00	1.59E+00
TCGA-62-A46P	2.54E+00	2.64E+00	6.27E-01
TCGA-62-A46R	1.19E+00	1.31E+00	8.50E-01
TCGA-62-A46S	9.60E-01	1.02E+00	7.37E-01
TCGA-62-A46U	4.55E-01	5.98E-01	3.90E-01
TCGA-62-A46V	3.89E-01	6.29E-01	5.44E-01
TCGA-62-A46Y	1.40E-01	3.33E-01	3.08E-01
TCGA-62-A470	1.08E+00	1.12E+00	6.35E-01
TCGA-62-A471	4.61E-01	9.01E-01	9.87E-01
TCGA-62-A472	5.14E-01	5.91E-01	3.60E-01
TCGA-64-1676	5.49E+00	5.48E+00	9.15E-01
TCGA-64-1677	1.18E+00	1.26E+00	1.24E+00
TCGA-64-1679	5.06E+00	5.10E+00	9.62E-01
TCGA-64-1680	2.56E-01	8.56E-01	8.51E-01
TCGA-64-1681	3.07E-01	8.34E-01	8.05E-01
TCGA-64-5774	1.36E+00	1.38E+00	5.16E-01
TCGA-64-5775	4.17E+00	4.19E+00	9.10E-01
TCGA-64-5778	4.43E+00	4.46E+00	8.25E-01
TCGA-64-5779	2.82E+00	2.73E+00	7.87E-01
TCGA-64-5781	9.61E+00	9.65E+00	2.12E+00
TCGA-64-5815	1.69E+00	1.66E+00	5.10E-01
TCGA-67-3770	2.01E+00	2.14E+00	5.39E-01
TCGA-67-3771	5.90E+00	5.16E+00	2.80E+00
TCGA-67-3772	2.89E-01	6.79E-01	6.12E-01
TCGA-67-3773	9.65E-01	9.69E-01	3.27E-01
TCGA-67-3774	1.28E+00	1.21E+00	4.94E-01
TCGA-67-4679	3.24E+00	3.22E+00	6.85E-01
TCGA-67-6215	1.96E-01	1.06E+00	1.07E+00
TCGA-67-6216	2.67E-01	4.91E-01	4.56E-01
TCGA-67-6217	1.38E+00	1.36E+00	7.18E-01
TCGA-69-7760	5.71E-01	7.79E-01	6.25E-01
TCGA-69-7761	4.93E-01	5.06E-01	2.06E-01
TCGA-69-7763	6.90E-01	6.98E-01	3.17E-01
TCGA-69-7764	7.51E-01	8.10E-01	4.82E-01
TCGA-69-7765	5.28E+00	5.29E+00	1.32E+00
TCGA-69-7973	2.39E+00	2.23E+00	7.69E-01
TCGA-69-7974	4.35E+00	4.30E+00	8.99E-01
TCGA-69-7978	4.18E+00	4.24E+00	1.60E+00
TCGA-69-7979	1.22E+01	1.26E+01	1.69E+00
TCGA-69-7980	5.37E+00	5.09E+00	1.79E+00
TCGA-69-8253	1.60E+00	1.59E+00	7.76E-01
TCGA-69-8254	7.06E-01	7.39E-01	2.63E-01
TCGA-69-8255	1.93E+00	1.93E+00	9.96E-01
TCGA-69-A59K	4.00E+00	3.96E+00	1.08E+00
TCGA-71-6725	4.39E-01	7.89E-01	7.29E-01
TCGA-71-8520	5.04E-01	7.68E-01	7.09E-01
TCGA-73-4658	2.09E+00	1.93E+00	1.58E+00
TCGA-73-4659	2.32E+00	2.31E+00	6.85E-01
TCGA-73-4662	2.02E+00	1.94E+00	7.91E-01
TCGA-73-4666	3.25E+00	3.22E+00	8.09E-01
TCGA-73-4668	5.20E+00	5.22E+00	8.20E-01
TCGA-73-4670	2.46E+00	2.41E+00	9.89E-01
TCGA-73-4675	5.30E-01	5.77E-01	3.85E-01
TCGA-73-4676	7.58E-01	8.13E-01	3.59E-01
TCGA-73-4677	1.88E+00	1.80E+00	6.57E-01
TCGA-73-7498	1.11E+00	1.14E+00	3.54E-01
TCGA-73-7499	4.47E-01	7.74E-01	7.32E-01
TCGA-73-A9RS	8.81E+00	9.15E+00	1.41E+00
TCGA-75-5122	8.33E-01	9.96E-01	8.20E-01
TCGA-75-5125	1.25E+00	1.20E+00	8.58E-01
TCGA-75-5126	4.53E+00	4.74E+00	1.70E+00
TCGA-75-5146	2.04E+00	2.08E+00	5.58E-01
TCGA-75-5147	2.17E-01	5.47E-01	5.24E-01
TCGA-75-6203	1.21E-01	1.24E-01	2.00E-02
TCGA-75-6205	4.47E-01	5.22E-01	4.63E-01
TCGA-75-6206	9.60E-01	1.12E+00	5.92E-01
TCGA-75-6207	4.69E-01	7.38E-01	6.40E-01
TCGA-75-6211	3.29E+00	3.35E+00	8.58E-01
TCGA-75-6212	1.75E-01	3.93E-01	3.74E-01
TCGA-75-6214	5.19E+00	4.96E+00	1.85E+00
TCGA-75-7025	2.10E-01	4.64E-01	4.48E-01
TCGA-75-7027	2.61E+00	2.68E+00	5.34E-01
TCGA-75-7030	2.46E-01	2.66E-01	1.03E-01
TCGA-75-7031	1.57E+00	1.48E+00	9.08E-01
TCGA-78-7145	1.78E+00	1.72E+00	7.27E-01
TCGA-78-7146	2.62E+00	2.62E+00	1.44E+00
TCGA-78-7147	2.58E+00	2.66E+00	1.13E+00
TCGA-78-7148	1.87E+00	1.85E+00	6.96E-01
TCGA-78-7149	7.98E-01	1.08E+00	9.73E-01
TCGA-78-7150	1.93E+00	2.05E+00	1.62E+00
TCGA-78-7152	1.32E+00	1.32E+00	1.07E+00
TCGA-78-7153	6.98E-01	1.02E+00	1.01E+00
TCGA-78-7154	1.04E+00	1.44E+00	1.58E+00
TCGA-78-7155	1.36E+01	1.39E+01	1.72E+00
TCGA-78-7156	1.85E+00	1.84E+00	1.66E+00
TCGA-78-7158	2.05E+00	1.97E+00	1.01E+00
TCGA-78-7159	2.65E+00	2.78E+00	6.95E-01
TCGA-78-7160	6.00E-01	6.55E-01	3.55E-01
TCGA-78-7161	1.56E+00	1.37E+00	6.70E-01
TCGA-78-7162	7.35E-01	8.19E-01	6.48E-01
TCGA-78-7163	4.19E-01	5.55E-01	5.18E-01
TCGA-78-7166	1.95E+00	1.96E+00	5.98E-01
TCGA-78-7167	7.91E-01	8.91E-01	8.85E-01
TCGA-78-7220	7.02E+00	7.04E+00	1.52E+00
TCGA-78-7535	1.66E+00	1.63E+00	5.18E-01
TCGA-78-7536	5.13E+00	5.35E+00	8.01E-01
TCGA-78-7537	1.66E+00	1.80E+00	6.25E-01
TCGA-78-7539	1.75E+00	1.90E+00	1.99E+00
TCGA-78-7540	5.80E-01	6.35E-01	3.28E-01
TCGA-78-7542	3.05E+00	3.06E+00	1.09E+00
TCGA-78-7633	1.17E+00	1.10E+00	5.12E-01
TCGA-78-8640	5.15E+00	5.09E+00	1.88E+00
TCGA-78-8648	2.85E-01	2.85E-01	0.00E+00
TCGA-78-8655	8.40E-01	8.70E-01	4.96E-01
TCGA-78-8660	1.96E+00	2.07E+00	1.02E+00
TCGA-78-8662	1.01E+01	1.01E+01	1.70E+00
TCGA-80-5607	3.94E-01	9.28E-01	8.97E-01
TCGA-80-5608	1.42E+00	1.56E+00	5.07E-01
TCGA-80-5611	1.51E+00	1.55E+00	7.09E-01
TCGA-83-5908	1.66E+00	1.42E+00	1.19E+00
TCGA-86-6562	4.37E-01	7.43E-01	7.02E-01
TCGA-86-6851	7.99E+00	8.11E+00	1.67E+00
TCGA-86-7701	1.85E+00	1.93E+00	5.26E-01
TCGA-86-7711	2.80E+00	2.37E+00	1.51E+00
TCGA-86-7713	2.60E+00	2.62E+00	7.35E-01
TCGA-86-7714	9.48E-01	9.66E-01	3.31E-01
TCGA-86-7953	5.21E-01	5.63E-01	4.25E-01
TCGA-86-7954	1.59E+00	1.50E+00	9.90E-01
TCGA-86-7955	2.41E+00	2.36E+00	9.74E-01
TCGA-86-8054	2.11E+00	2.17E+00	7.06E-01
TCGA-86-8055	3.12E-01	5.09E-01	4.26E-01
TCGA-86-8056	1.38E+00	1.46E+00	1.41E+00
TCGA-86-8073	1.29E+01	1.29E+01	1.83E+00
TCGA-86-8074	5.05E-01	5.94E-01	4.45E-01
TCGA-86-8075	1.75E-01	5.72E-01	5.62E-01
TCGA-86-8076	5.69E-01	6.24E-01	7.01E-01
TCGA-86-8278	1.14E-01	9.62E-01	9.64E-01
TCGA-86-8279	4.69E+00	4.68E+00	8.17E-01
TCGA-86-8280	4.03E-01	4.88E-01	3.70E-01
TCGA-86-8281	1.90E+00	1.69E+00	8.94E-01
TCGA-86-8358	1.03E+01	1.04E+01	1.20E+00
TCGA-86-8359	1.65E+00	1.62E+00	6.27E-01
TCGA-86-8585	4.29E+00	4.35E+00	1.60E+00
TCGA-86-8668	4.00E-02	3.69E-01	3.62E-01
TCGA-86-8669	1.09E+00	9.98E-01	6.79E-01
TCGA-86-8671	3.15E-02	5.24E-01	5.22E-01
TCGA-86-8672	2.21E+00	2.03E+00	1.14E+00
TCGA-86-8673	4.12E+00	4.24E+00	1.13E+00
TCGA-86-8674	2.63E+00	2.54E+00	8.35E-01
TCGA-86-A456	3.19E+00	3.29E+00	8.45E-01
TCGA-86-A4JF	3.20E+00	4.14E+00	5.00E+00
TCGA-86-A4P7	2.57E-01	7.64E-01	7.33E-01
TCGA-86-A4P8	6.29E-02	6.29E-02	0.00E+00
TCGA-91-6828	4.03E+00	3.98E+00	1.35E+00
TCGA-91-6829	5.31E+00	5.05E+00	1.18E+00
TCGA-91-6830	1.09E+00	8.37E-01	1.11E+00
TCGA-91-6831	2.26E+00	2.30E+00	6.94E-01
TCGA-91-6835	7.08E-01	7.89E-01	5.10E-01
TCGA-91-6836	4.20E+00	4.32E+00	9.31E-01
TCGA-91-6840	7.57E-01	9.15E-01	1.05E+00
TCGA-91-6847	6.04E-01	7.31E-01	6.24E-01
TCGA-91-6848	4.32E+00	4.27E+00	1.21E+00
TCGA-91-6849	1.21E+00	1.22E+00	6.18E-01
TCGA-91-7771	1.51E+00	1.69E+00	9.32E-01
TCGA-91-8496	2.12E-01	4.35E-01	4.01E-01
TCGA-91-8497	4.23E-01	5.18E-01	4.53E-01
TCGA-91-8499	2.01E+00	1.92E+00	1.23E+00
TCGA-91-A4BC	4.17E+00	4.11E+00	8.51E-01
TCGA-91-A4BD	0.00E+00	2.00E-01	2.00E-01
TCGA-93-7347	1.19E+00	1.11E+00	4.46E-01
TCGA-93-7348	1.46E+00	1.43E+00	1.03E+00
TCGA-93-8067	1.26E+00	1.25E+00	1.60E+00
TCGA-93-A4JN	5.19E-01	7.60E-01	5.78E-01
TCGA-93-A4JO	3.45E-01	6.20E-01	5.64E-01
TCGA-93-A4JP	5.15E-01	7.71E-01	7.19E-01
TCGA-93-A4JQ	2.33E-01	9.42E-01	9.59E-01
TCGA-95-7039	1.12E+01	1.13E+01	1.62E+00
TCGA-95-7043	9.39E+00	9.74E+00	1.62E+00
TCGA-95-7562	3.52E+00	3.75E+00	7.16E-01
TCGA-95-7567	3.04E+00	2.54E+00	1.44E+00
TCGA-95-7944	7.55E-01	5.20E-01	7.52E-01
TCGA-95-7947	2.86E+00	2.84E+00	1.98E+00
TCGA-95-7948	1.52E-01	5.51E-01	5.50E-01
TCGA-95-8039	5.94E-01	7.99E-01	6.07E-01
TCGA-95-8494	4.07E-01	9.27E-01	8.97E-01
TCGA-95-A4VK	2.26E+00	2.24E+00	6.50E-01
TCGA-95-A4VN	4.58E+00	4.52E+00	1.01E+00
TCGA-95-A4VP	1.35E+00	1.37E+00	4.40E-01
TCGA-97-7546	2.56E+00	2.55E+00	6.52E-01
TCGA-97-7547	1.35E+00	1.31E+00	9.09E-01
TCGA-97-7552	4.87E-01	5.56E-01	3.11E-01
TCGA-97-7553	4.30E-01	4.74E-01	2.42E-01
TCGA-97-7554	4.20E+00	4.08E+00	8.74E-01
TCGA-97-7937	3.66E+00	3.67E+00	9.89E-01
TCGA-97-7938	3.25E+00	3.39E+00	1.05E+00
TCGA-97-7941	1.06E+00	1.08E+00	6.45E-01
TCGA-97-8171	3.77E-01	4.82E-01	3.27E-01
TCGA-97-8172	2.15E+00	2.10E+00	4.93E-01
TCGA-97-8174	1.34E+00	1.59E+00	9.28E-01
TCGA-97-8175	5.06E-01	6.57E-01	3.06E-01
TCGA-97-8176	1.01E+00	9.28E-01	9.11E-01
TCGA-97-8177	3.19E-01	4.72E-01	3.83E-01
TCGA-97-8179	1.77E+00	1.80E+00	5.61E-01
TCGA-97-8547	3.16E-01	6.83E-01	7.20E-01
TCGA-97-8552	2.61E-01	3.67E-01	2.81E-01
TCGA-97-A4LX	1.83E+00	1.81E+00	4.32E-01
TCGA-97-A4M0	3.37E+00	3.40E+00	1.29E+00
TCGA-97-A4M1	4.22E-01	5.31E-01	4.60E-01
TCGA-97-A4M2	4.02E-01	5.31E-01	3.59E-01
TCGA-97-A4M3	1.55E+00	1.53E+00	7.18E-01
TCGA-97-A4M5	5.69E-01	8.99E-01	1.02E+00
TCGA-97-A4M6	0.00E+00	3.47E-01	3.48E-01
TCGA-97-A4M7	2.90E+00	2.88E+00	6.79E-01
TCGA-99-7458	4.39E+00	4.57E+00	8.40E-01
TCGA-99-8025	2.65E+00	2.46E+00	1.69E+00
TCGA-99-8028	4.62E+00	4.70E+00	6.95E-01
TCGA-99-8032	3.56E+00	3.41E+00	1.00E+00
TCGA-99-8033	1.42E+00	1.45E+00	7.03E-01
TCGA-99-AA5R	9.98E-01	1.01E+00	1.85E-01
TCGA-J2-8192	3.90E-01	7.19E-01	6.81E-01
TCGA-J2-8194	1.38E+00	1.32E+00	5.73E-01
TCGA-J2-A4AD	1.53E+00	1.77E+00	1.57E+00
TCGA-J2-A4AE	8.36E-02	5.39E-01	5.36E-01
TCGA-J2-A4AG	8.81E-01	9.42E-01	4.56E-01
TCGA-L4-A4E5	3.04E+00	3.12E+00	6.57E-01
TCGA-L4-A4E6	3.32E-01	2.88E-01	2.85E-01
TCGA-L9-A443	2.45E+00	2.55E+00	7.11E-01
TCGA-L9-A444	5.24E+00	5.41E+00	9.39E-01
TCGA-L9-A50W	2.96E-01	4.52E-01	3.74E-01
TCGA-L9-A5IP	2.57E+00	2.81E+00	8.22E-01
TCGA-L9-A743	1.04E+00	9.47E-01	7.54E-01
TCGA-L9-A7SV	1.46E+01	1.52E+01	1.63E+00
TCGA-L9-A8F4	6.80E+00	7.00E+00	1.46E+00
TCGA-MN-A4N1	3.99E+00	3.82E+00	9.68E-01
TCGA-MN-A4N4	1.08E+01	1.08E+01	2.54E+00
TCGA-MN-A4N5	3.50E+00	3.47E+00	1.01E+00
TCGA-MP-A4SV	2.11E+00	1.96E+00	1.34E+00
TCGA-MP-A4SW	4.28E-01	7.85E-01	7.25E-01
TCGA-MP-A4SY	1.32E+00	1.19E+00	8.48E-01
TCGA-MP-A4T4	3.29E+00	3.20E+00	9.36E-01
TCGA-MP-A4T6	2.10E-01	7.49E-01	7.41E-01
TCGA-MP-A4T7	1.25E+00	1.29E+00	4.41E-01
TCGA-MP-A4T8	9.32E-01	1.03E+00	4.94E-01
TCGA-MP-A4T9	5.24E-01	5.76E-01	4.00E-01
TCGA-MP-A4TA	2.90E+00	2.88E+00	1.00E+00
TCGA-MP-A4TC	2.35E+00	2.24E+00	6.96E-01
TCGA-MP-A4TD	6.94E-01	7.40E-01	3.36E-01
TCGA-MP-A4TE	1.11E+00	1.07E+00	3.34E-01
TCGA-MP-A4TF	3.83E+00	3.87E+00	8.89E-01
TCGA-MP-A4TH	1.07E+00	1.07E+00	3.87E-01
TCGA-MP-A4TI	1.13E+00	1.41E+00	1.27E+00
TCGA-MP-A4TJ	9.01E-01	9.23E-01	3.65E-01
TCGA-MP-A4TK	3.10E+00	3.22E+00	1.02E+00
TCGA-MP-A5C7	6.51E-01	6.68E-01	3.53E-01
TCGA-NJ-A4YF	6.07E+00	6.29E+00	9.77E-01
TCGA-NJ-A4YG	1.10E+00	1.09E+00	8.20E-01
TCGA-NJ-A4YI	3.44E+00	3.28E+00	8.31E-01
TCGA-NJ-A4YP	2.21E+00	2.23E+00	1.91E+00
TCGA-NJ-A4YQ	1.05E+01	1.06E+01	1.22E+00
TCGA-NJ-A55A	1.17E+00	1.24E+00	4.20E-01
TCGA-NJ-A55O	1.62E+00	1.58E+00	4.52E-01
TCGA-NJ-A55R	2.39E+00	2.54E+00	6.39E-01
TCGA-NJ-A7XG	3.76E-01	4.14E-01	1.46E-01
TCGA-O1-A52J	1.37E+00	1.52E+00	5.89E-01
TCGA-S2-AA1A	1.34E+00	1.38E+00	3.91E-01
