Samples	SBS96A	SBS96B	SBS96C
TCGA-05-4244	135	111	16
TCGA-05-4249	209	147	43
TCGA-05-4250	221	142	78
TCGA-05-4382	1487	350	276
TCGA-05-4384	76	76	18
TCGA-05-4389	67	118	113
TCGA-05-4390	485	202	24
TCGA-05-4395	124	100	128
TCGA-05-4396	1929	0	0
TCGA-05-4397	493	305	227
TCGA-05-4398	509	303	139
TCGA-05-4402	8	23	126
TCGA-05-4403	50	114	8
TCGA-05-4405	275	185	38
TCGA-05-4410	863	327	211
TCGA-05-4415	151	91	11
TCGA-05-4417	257	113	13
TCGA-05-4418	170	138	31
TCGA-05-4420	223	125	28
TCGA-05-4422	8	23	24
TCGA-05-4424	574	202	156
TCGA-05-4425	0	55	0
TCGA-05-4426	5	46	6
TCGA-05-4427	795	380	111
TCGA-05-4430	230	102	27
TCGA-05-4432	437	288	52
TCGA-05-4433	0	45	0
TCGA-05-4434	0	45	14
TCGA-05-5420	36	73	8
TCGA-05-5423	87	80	21
TCGA-05-5425	423	250	57
TCGA-05-5428	218	86	174
TCGA-05-5429	0	43	4
TCGA-05-5715	8	46	97
TCGA-35-3615	48	42	58
TCGA-35-4122	156	190	70
TCGA-35-4123	249	111	21
TCGA-35-5375	235	228	66
TCGA-38-4625	486	114	169
TCGA-38-4626	226	79	28
TCGA-38-4627	4	28	4
TCGA-38-4628	33	95	23
TCGA-38-4629	143	158	57
TCGA-38-4630	14	77	74
TCGA-38-4631	643	268	39
TCGA-38-4632	368	241	60
TCGA-38-6178	18	57	18
TCGA-38-7271	48	18	51
TCGA-38-A44F	0	18	1
TCGA-44-2655	158	55	18
TCGA-44-2656	1426	631	80
TCGA-44-2657	636	282	127
TCGA-44-2659	687	276	55
TCGA-44-2661	6	79	17
TCGA-44-2662	95	61	384
TCGA-44-2665	0	94	33
TCGA-44-2666	0	69	17
TCGA-44-2668	534	171	184
TCGA-44-3396	92	173	223
TCGA-44-3398	206	127	173
TCGA-44-3918	1656	459	246
TCGA-44-3919	9	75	52
TCGA-44-4112	677	262	284
TCGA-44-5643	65	195	70
TCGA-44-5644	1555	683	163
TCGA-44-5645	0	89	0
TCGA-44-6144	281	220	62
TCGA-44-6145	557	196	37
TCGA-44-6146	1	90	5
TCGA-44-6147	180	125	23
TCGA-44-6148	2	15	0
TCGA-44-6774	581	181	22
TCGA-44-6775	41	101	28
TCGA-44-6776	323	169	31
TCGA-44-6777	440	258	255
TCGA-44-6778	563	368	51
TCGA-44-6779	39	76	13
TCGA-44-7659	193	140	36
TCGA-44-7660	377	468	99
TCGA-44-7661	452	143	173
TCGA-44-7662	794	420	222
TCGA-44-7667	612	484	61
TCGA-44-7669	611	468	49
TCGA-44-7670	1758	532	455
TCGA-44-7671	275	259	48
TCGA-44-7672	228	143	38
TCGA-44-8117	629	248	55
TCGA-44-8119	422	317	36
TCGA-44-8120	508	195	49
TCGA-44-A479	251	99	30
TCGA-44-A47A	60	92	120
TCGA-44-A47B	7	50	4
TCGA-44-A47G	19	55	27
TCGA-44-A4SS	300	199	95
TCGA-44-A4SU	68	112	9
TCGA-49-4486	35	31	154
TCGA-49-4487	261	110	87
TCGA-49-4488	240	80	48
TCGA-49-4490	0	53	19
TCGA-49-4494	125	102	16
TCGA-49-4501	0	60	15
TCGA-49-4505	127	122	25
TCGA-49-4506	67	69	8
TCGA-49-4507	88	105	63
TCGA-49-4510	54	20	8
TCGA-49-4512	4	46	6
TCGA-49-4514	167	112	146
TCGA-49-6742	46	110	200
TCGA-49-6743	417	267	297
TCGA-49-6744	200	83	16
TCGA-49-6745	5	72	99
TCGA-49-6761	327	0	92
TCGA-49-6767	391	169	56
TCGA-49-AAQV	5	35	48
TCGA-49-AAR0	65	83	29
TCGA-49-AAR2	332	135	21
TCGA-49-AAR3	69	83	19
TCGA-49-AAR4	402	157	153
TCGA-49-AAR9	531	247	34
TCGA-49-AARE	1119	403	155
TCGA-49-AARN	337	344	253
TCGA-49-AARO	583	103	52
TCGA-49-AARQ	567	194	132
TCGA-49-AARR	0	3	0
TCGA-4B-A93V	83	72	16
TCGA-50-5044	24	10	148
TCGA-50-5045	291	52	30
TCGA-50-5049	715	232	63
TCGA-50-5051	82	54	9
TCGA-50-5055	0	18	4
TCGA-50-5066	402	318	86
TCGA-50-5068	33	78	9
TCGA-50-5072	100	76	32
TCGA-50-5930	1123	275	47
TCGA-50-5931	216	134	35
TCGA-50-5932	56	33	3
TCGA-50-5933	358	243	68
TCGA-50-5935	0	51	73
TCGA-50-5936	28	37	81
TCGA-50-5939	9	64	32
TCGA-50-5941	291	159	56
TCGA-50-5942	25	46	2
TCGA-50-5944	8	66	11
TCGA-50-5946	845	406	425
TCGA-50-6590	643	206	275
TCGA-50-6591	10	53	7
TCGA-50-6592	131	145	88
TCGA-50-6593	225	140	25
TCGA-50-6594	426	146	75
TCGA-50-6595	19	64	40
TCGA-50-6597	0	51	28
TCGA-50-6673	77	28	6
TCGA-50-7109	173	135	12
TCGA-50-8457	20	38	9
TCGA-50-8459	54	59	6
TCGA-50-8460	3	27	6
TCGA-53-7624	553	259	217
TCGA-53-7626	1505	0	2
TCGA-53-7813	100	85	2
TCGA-53-A4EZ	433	194	50
TCGA-55-1592	281	315	104
TCGA-55-1594	50	92	96
TCGA-55-1595	260	143	23
TCGA-55-1596	91	128	15
TCGA-55-5899	279	121	152
TCGA-55-6543	0	24	2
TCGA-55-6642	118	44	10
TCGA-55-6712	32	54	120
TCGA-55-6968	135	2	534
TCGA-55-6969	438	128	39
TCGA-55-6970	126	79	17
TCGA-55-6971	296	0	1
TCGA-55-6972	125	66	179
TCGA-55-6975	38	54	15
TCGA-55-6978	72	7	0
TCGA-55-6979	756	0	15
TCGA-55-6980	37	1	0
TCGA-55-6981	300	0	0
TCGA-55-6982	44	2	258
TCGA-55-6983	66	65	9
TCGA-55-6984	42	6	2
TCGA-55-6985	412	185	20
TCGA-55-6986	10	21	2
TCGA-55-6987	145	40	106
TCGA-55-7227	98	93	17
TCGA-55-7281	705	328	132
TCGA-55-7283	167	292	137
TCGA-55-7284	0	57	0
TCGA-55-7570	402	301	261
TCGA-55-7573	23	29	13
TCGA-55-7574	188	112	361
TCGA-55-7576	511	435	76
TCGA-55-7724	70	162	53
TCGA-55-7725	85	65	6
TCGA-55-7726	9	46	87
TCGA-55-7727	100	86	132
TCGA-55-7728	58	61	3
TCGA-55-7815	84	87	13
TCGA-55-7816	0	2	0
TCGA-55-7903	63	96	30
TCGA-55-7907	885	279	297
TCGA-55-7910	219	136	15
TCGA-55-7911	143	109	30
TCGA-55-7913	224	155	57
TCGA-55-7914	84	100	30
TCGA-55-7994	1235	528	136
TCGA-55-7995	427	248	154
TCGA-55-8085	98	92	141
TCGA-55-8087	0	32	8
TCGA-55-8089	736	275	545
TCGA-55-8090	49	58	6
TCGA-55-8091	0	38	0
TCGA-55-8092	294	240	193
TCGA-55-8094	361	164	36
TCGA-55-8096	80	80	19
TCGA-55-8097	41	86	15
TCGA-55-8203	333	192	11
TCGA-55-8204	63	98	109
TCGA-55-8205	264	127	257
TCGA-55-8206	3	28	7
TCGA-55-8207	213	153	22
TCGA-55-8208	89	106	251
TCGA-55-8299	302	175	39
TCGA-55-8301	182	138	42
TCGA-55-8302	547	258	43
TCGA-55-8505	0	32	16
TCGA-55-8506	779	1343	1
TCGA-55-8507	802	354	63
TCGA-55-8508	107	101	21
TCGA-55-8510	254	96	45
TCGA-55-8511	393	204	118
TCGA-55-8512	18	28	6
TCGA-55-8513	0	9	0
TCGA-55-8514	195	145	13
TCGA-55-8614	60	197	43
TCGA-55-8615	61	95	8
TCGA-55-8616	400	183	24
TCGA-55-8619	0	27	0
TCGA-55-8620	334	256	28
TCGA-55-8621	36	42	11
TCGA-55-A48X	305	134	46
TCGA-55-A48Y	0	24	422
TCGA-55-A48Z	9	52	7
TCGA-55-A490	1147	339	167
TCGA-55-A491	267	151	49
TCGA-55-A492	173	159	26
TCGA-55-A493	131	101	108
TCGA-55-A494	131	151	17
TCGA-55-A4DF	150	105	729
TCGA-55-A4DG	586	224	38
TCGA-55-A57B	2	38	9
TCGA-62-8394	29	84	62
TCGA-62-8395	0	70	20
TCGA-62-8397	3	27	2
TCGA-62-8398	34	57	13
TCGA-62-8399	234	142	286
TCGA-62-8402	0	67	7
TCGA-62-A46O	603	280	212
TCGA-62-A46P	224	122	8
TCGA-62-A46R	70	102	37
TCGA-62-A46S	60	81	19
TCGA-62-A46U	5	39	8
TCGA-62-A46V	3	61	7
TCGA-62-A46Y	2	37	1
TCGA-62-A470	38	96	13
TCGA-62-A471	6	53	89
TCGA-62-A472	18	46	8
TCGA-64-1676	498	212	32
TCGA-64-1677	66	85	116
TCGA-64-1679	407	155	74
TCGA-64-1680	1	47	30
TCGA-64-1681	6	57	43
TCGA-64-5774	100	68	8
TCGA-64-5775	394	165	33
TCGA-64-5778	360	168	56
TCGA-64-5779	287	131	20
TCGA-64-5781	844	349	224
TCGA-64-5815	115	92	7
TCGA-67-3770	157	104	12
TCGA-67-3771	535	340	462
TCGA-67-3772	1	71	7
TCGA-67-3773	65	57	6
TCGA-67-3774	61	76	14
TCGA-67-4679	210	135	20
TCGA-67-6215	0	120	17
TCGA-67-6216	3	27	17
TCGA-67-6217	125	96	18
TCGA-69-7760	7	72	9
TCGA-69-7761	9	24	3
TCGA-69-7763	20	80	2
TCGA-69-7764	30	77	10
TCGA-69-7765	488	161	106
TCGA-69-7973	206	86	19
TCGA-69-7974	378	218	50
TCGA-69-7978	371	142	260
TCGA-69-7979	1308	365	135
TCGA-69-7980	511	215	251
TCGA-69-8253	97	73	40
TCGA-69-8254	20	75	2
TCGA-69-8255	142	160	65
TCGA-69-A59K	398	178	61
TCGA-71-6725	6	69	6
TCGA-71-8520	10	74	21
TCGA-73-4658	144	112	193
TCGA-73-4659	151	107	16
TCGA-73-4662	155	97	25
TCGA-73-4666	287	163	37
TCGA-73-4668	399	229	22
TCGA-73-4670	238	170	44
TCGA-73-4675	20	57	8
TCGA-73-4676	24	85	5
TCGA-73-4677	172	115	24
TCGA-73-7498	61	77	3
TCGA-73-7499	3	60	22
TCGA-73-A9RS	836	230	108
TCGA-75-5122	40	91	37
TCGA-75-5125	61	96	58
TCGA-75-5126	416	147	255
TCGA-75-5146	163	57	19
TCGA-75-5147	0	34	13
TCGA-75-6203	0	19	0
TCGA-75-6205	9	39	14
TCGA-75-6206	40	47	22
TCGA-75-6207	9	55	20
TCGA-75-6211	271	159	30
TCGA-75-6212	0	20	3
TCGA-75-6214	419	230	254
TCGA-75-7025	0	36	7
TCGA-75-7027	183	115	15
TCGA-75-7030	2	17	0
TCGA-75-7031	100	134	32
TCGA-78-7145	149	85	24
TCGA-78-7146	240	120	145
TCGA-78-7147	178	185	75
TCGA-78-7148	149	123	17
TCGA-78-7149	32	52	116
TCGA-78-7150	140	170	211
TCGA-78-7152	75	65	120
TCGA-78-7153	22	106	32
TCGA-78-7154	41	150	142
TCGA-78-7155	1215	445	208
TCGA-78-7156	135	94	198
TCGA-78-7158	217	62	61
TCGA-78-7159	288	112	20
TCGA-78-7160	33	32	7
TCGA-78-7161	139	91	20
TCGA-78-7162	29	49	25
TCGA-78-7163	58	9	3
TCGA-78-7166	184	75	18
TCGA-78-7167	43	65	47
TCGA-78-7220	571	316	176
TCGA-78-7535	107	102	15
TCGA-78-7536	622	193	31
TCGA-78-7537	74	70	27
TCGA-78-7539	133	95	386
TCGA-78-7540	345	0	0
TCGA-78-7542	294	128	57
TCGA-78-7633	172	19	12
TCGA-78-8640	413	316	188
TCGA-78-8648	6	11	0
TCGA-78-8655	57	65	11
TCGA-78-8660	112	132	64
TCGA-78-8662	850	450	144
TCGA-80-5607	7	4	149
TCGA-80-5608	488	0	9
TCGA-80-5611	76	151	22
TCGA-83-5908	119	53	123
TCGA-86-6562	9	39	28
TCGA-86-6851	736	238	171
TCGA-86-7701	550	0	20
TCGA-86-7711	200	223	141
TCGA-86-7713	221	151	27
TCGA-86-7714	29	56	6
TCGA-86-7953	14	40	11
TCGA-86-7954	98	131	62
TCGA-86-7955	173	158	50
TCGA-86-8054	136	115	25
TCGA-86-8055	0	60	5
TCGA-86-8056	63	70	209
TCGA-86-8073	1317	384	156
TCGA-86-8074	15	53	11
TCGA-86-8075	0	56	6
TCGA-86-8076	13	46	25
TCGA-86-8278	0	20	125
TCGA-86-8279	413	196	30
TCGA-86-8280	5	46	4
TCGA-86-8281	174	113	51
TCGA-86-8358	838	478	65
TCGA-86-8359	102	81	18
TCGA-86-8585	366	186	162
TCGA-86-8668	0	43	4
TCGA-86-8669	54	100	16
TCGA-86-8671	1	32	14
TCGA-86-8672	187	127	64
TCGA-86-8673	328	204	75
TCGA-86-8674	249	79	58
TCGA-86-A456	270	131	53
TCGA-86-A4JF	172	1327	155
TCGA-86-A4P7	2	52	31
TCGA-86-A4P8	0	2	0
TCGA-91-6828	414	208	80
TCGA-91-6829	450	286	87
TCGA-91-6830	72	0	274
TCGA-91-6831	154	172	20
TCGA-91-6835	36	54	26
TCGA-91-6836	451	164	40
TCGA-91-6840	62	21	95
TCGA-91-6847	31	73	18
TCGA-91-6848	430	209	146
TCGA-91-6849	96	47	14
TCGA-91-7771	96	115	40
TCGA-91-8496	0	38	4
TCGA-91-8497	8	42	6
TCGA-91-8499	138	124	135
TCGA-91-A4BC	338	190	35
TCGA-91-A4BD	0	24	3
TCGA-93-7347	81	50	15
TCGA-93-7348	80	146	45
TCGA-93-8067	64	15	596
TCGA-93-A4JN	13	66	19
TCGA-93-A4JO	5	43	18
TCGA-93-A4JP	10	40	33
TCGA-93-A4JQ	8	55	82
TCGA-95-7039	1083	421	116
TCGA-95-7043	924	341	92
TCGA-95-7562	327	126	13
TCGA-95-7567	281	854	12
TCGA-95-7944	21	5	283
TCGA-95-7947	189	177	301
TCGA-95-7948	0	7	177
TCGA-95-8039	24	67	27
TCGA-95-8494	1	57	75
TCGA-95-A4VK	178	125	15
TCGA-95-A4VN	379	151	62
TCGA-95-A4VP	80	76	5
TCGA-97-7546	222	113	20
TCGA-97-7547	93	67	74
TCGA-97-7552	5	49	0
TCGA-97-7553	11	38	2
TCGA-97-7554	333	208	33
TCGA-97-7937	349	174	41
TCGA-97-7938	302	135	69
TCGA-97-7941	47	55	21
TCGA-97-8171	3	69	1
TCGA-97-8172	162	161	8
TCGA-97-8174	87	94	32
TCGA-97-8175	5	31	5
TCGA-97-8176	49	81	68
TCGA-97-8177	2	36	10
TCGA-97-8179	125	66	18
TCGA-97-8547	1	51	19
TCGA-97-8552	3	24	2
TCGA-97-A4LX	133	74	12
TCGA-97-A4M0	270	130	100
TCGA-97-A4M1	5	37	13
TCGA-97-A4M2	5	17	10
TCGA-97-A4M3	144	69	38
TCGA-97-A4M5	13	16	164
TCGA-97-A4M6	0	34	8
TCGA-97-A4M7	262	101	22
TCGA-99-7458	372	192	30
TCGA-99-8025	212	205	188
TCGA-99-8028	387	141	17
TCGA-99-8032	285	163	44
TCGA-99-8033	105	99	19
TCGA-99-AA5R	49	22	2
TCGA-J2-8192	4	77	11
TCGA-J2-8194	60	120	12
TCGA-J2-A4AD	103	109	208
TCGA-J2-A4AE	0	47	15
TCGA-J2-A4AG	42	64	8
TCGA-L4-A4E5	277	121	23
TCGA-L4-A4E6	12	2	7
TCGA-L9-A443	178	104	25
TCGA-L9-A444	483	182	36
TCGA-L9-A50W	4	21	11
TCGA-L9-A5IP	222	101	31
TCGA-L9-A743	62	25	82
TCGA-L9-A7SV	1584	366	79
TCGA-L9-A8F4	587	278	108
TCGA-MN-A4N1	331	211	47
TCGA-MN-A4N4	1052	318	510
TCGA-MN-A4N5	340	157	68
TCGA-MP-A4SV	144	118	179
TCGA-MP-A4SW	2	73	12
TCGA-MP-A4SY	65	117	36
TCGA-MP-A4T4	303	135	48
TCGA-MP-A4T6	0	68	26
TCGA-MP-A4T7	98	54	8
TCGA-MP-A4T8	69	67	14
TCGA-MP-A4T9	13	19	14
TCGA-MP-A4TA	222	188	46
TCGA-MP-A4TC	200	88	39
TCGA-MP-A4TD	38	60	4
TCGA-MP-A4TE	56	116	2
TCGA-MP-A4TF	335	172	41
TCGA-MP-A4TH	39	96	5
TCGA-MP-A4TI	67	48	203
TCGA-MP-A4TJ	40	72	3
TCGA-MP-A4TK	256	101	87
TCGA-MP-A5C7	23	69	5
TCGA-NJ-A4YF	544	197	43
TCGA-NJ-A4YG	55	91	53
TCGA-NJ-A4YI	347	171	41
TCGA-NJ-A4YP	139	28	525
TCGA-NJ-A4YQ	980	363	50
TCGA-NJ-A55A	82	54	11
TCGA-NJ-A55O	107	45	14
TCGA-NJ-A55R	187	117	22
TCGA-NJ-A7XG	4	38	0
TCGA-O1-A52J	121	75	17
TCGA-S2-AA1A	88	50	6
