Samples	SBS96A	SBS96B	SBS96C	SBS96D
TCGA-05-4244	135	46	16	65
TCGA-05-4249	220	63	42	74
TCGA-05-4250	209	76	77	79
TCGA-05-4382	1359	441	258	55
TCGA-05-4384	93	20	18	39
TCGA-05-4389	55	31	113	99
TCGA-05-4390	473	142	24	72
TCGA-05-4395	134	37	124	57
TCGA-05-4396	0	1916	13	0
TCGA-05-4397	534	143	221	127
TCGA-05-4398	498	162	135	156
TCGA-05-4402	13	3	125	16
TCGA-05-4403	63	19	9	81
TCGA-05-4405	278	85	37	98
TCGA-05-4410	867	245	201	88
TCGA-05-4415	171	39	11	32
TCGA-05-4417	256	75	13	39
TCGA-05-4418	170	61	32	76
TCGA-05-4420	209	77	28	62
TCGA-05-4422	12	2	24	17
TCGA-05-4424	512	187	149	84
TCGA-05-4425	0	0	0	55
TCGA-05-4426	10	2	6	39
TCGA-05-4427	811	232	108	135
TCGA-05-4430	229	67	26	37
TCGA-05-4432	463	133	53	128
TCGA-05-4433	0	1	0	44
TCGA-05-4434	11	0	14	34
TCGA-05-5420	44	13	9	51
TCGA-05-5423	61	41	21	65
TCGA-05-5425	482	107	55	86
TCGA-05-5428	203	69	166	40
TCGA-05-5429	0	1	4	42
TCGA-05-5715	6	5	96	44
TCGA-35-3615	41	19	55	33
TCGA-35-4122	182	54	72	108
TCGA-35-4123	234	79	21	47
TCGA-35-5375	290	62	65	112
TCGA-38-4625	438	147	158	26
TCGA-38-4626	258	48	26	1
TCGA-38-4627	4	3	4	25
TCGA-38-4628	50	10	24	67
TCGA-38-4629	176	40	57	85
TCGA-38-4630	2	13	76	74
TCGA-38-4631	657	183	40	70
TCGA-38-4632	419	97	59	94
TCGA-38-6178	35	3	18	37
TCGA-38-7271	52	13	48	4
TCGA-38-A44F	3	0	1	15
TCGA-44-2655	159	42	17	13
TCGA-44-2656	1406	417	78	236
TCGA-44-2657	544	225	123	153
TCGA-44-2659	585	237	53	143
TCGA-44-2661	30	0	18	54
TCGA-44-2662	119	23	366	32
TCGA-44-2665	3	5	35	84
TCGA-44-2666	0	3	18	65
TCGA-44-2668	555	137	171	26
TCGA-44-3396	106	31	219	132
TCGA-44-3398	191	70	166	79
TCGA-44-3918	1541	491	231	98
TCGA-44-3919	30	2	54	50
TCGA-44-4112	582	235	274	132
TCGA-44-5643	111	17	71	131
TCGA-44-5644	1543	458	159	241
TCGA-44-5645	22	0	0	67
TCGA-44-6144	313	81	61	108
TCGA-44-6145	594	131	34	31
TCGA-44-6146	10	4	5	77
TCGA-44-6147	186	56	23	63
TCGA-44-6148	0	2	0	15
TCGA-44-6774	583	154	21	26
TCGA-44-6775	48	20	30	72
TCGA-44-6776	333	90	30	70
TCGA-44-6777	427	145	248	133
TCGA-44-6778	651	144	51	136
TCGA-44-6779	39	17	13	59
TCGA-44-7659	205	60	36	68
TCGA-44-7660	494	105	103	242
TCGA-44-7661	417	142	165	44
TCGA-44-7662	816	238	216	166
TCGA-44-7667	705	163	60	229
TCGA-44-7669	707	168	52	201
TCGA-44-7670	1622	533	428	162
TCGA-44-7671	335	74	49	124
TCGA-44-7672	301	38	35	35
TCGA-44-8117	555	212	53	112
TCGA-44-8119	468	117	35	155
TCGA-44-8120	450	174	49	79
TCGA-44-A479	236	74	28	42
TCGA-44-A47A	68	21	119	64
TCGA-44-A47B	8	4	4	45
TCGA-44-A47G	24	8	28	41
TCGA-44-A4SS	331	85	93	85
TCGA-44-A4SU	95	18	9	67
TCGA-49-4486	43	11	150	16
TCGA-49-4487	262	77	84	35
TCGA-49-4488	211	80	46	31
TCGA-49-4490	0	4	20	48
TCGA-49-4494	156	26	15	46
TCGA-49-4501	0	3	14	58
TCGA-49-4505	145	34	24	71
TCGA-49-4506	73	20	8	43
TCGA-49-4507	109	24	62	61
TCGA-49-4510	27	29	9	17
TCGA-49-4512	5	4	6	41
TCGA-49-4514	188	44	140	53
TCGA-49-6742	60	16	196	84
TCGA-49-6743	444	129	290	118
TCGA-49-6744	200	60	16	23
TCGA-49-6745	2	7	99	68
TCGA-49-6761	59	213	104	43
TCGA-49-6767	373	121	55	67
TCGA-49-AAQV	16	0	47	25
TCGA-49-AAR0	80	17	29	51
TCGA-49-AAR2	339	91	20	38
TCGA-49-AAR3	82	21	19	49
TCGA-49-AAR4	428	108	146	30
TCGA-49-AAR9	545	150	33	84
TCGA-49-AARE	1035	353	150	139
TCGA-49-AARN	409	95	248	182
TCGA-49-AARO	536	157	45	0
TCGA-49-AARQ	541	172	126	54
TCGA-49-AARR	1	0	0	2
TCGA-4B-A93V	97	23	16	35
TCGA-50-5044	8	14	147	13
TCGA-50-5045	257	88	28	0
TCGA-50-5049	706	205	62	37
TCGA-50-5051	41	46	10	48
TCGA-50-5055	0	0	5	17
TCGA-50-5066	534	81	85	106
TCGA-50-5068	53	7	9	51
TCGA-50-5072	115	27	30	36
TCGA-50-5930	977	362	46	60
TCGA-50-5931	220	67	34	64
TCGA-50-5932	60	16	3	13
TCGA-50-5933	395	97	66	111
TCGA-50-5935	14	0	74	36
TCGA-50-5936	36	7	78	25
TCGA-50-5939	24	2	33	46
TCGA-50-5941	291	94	56	65
TCGA-50-5942	33	8	3	29
TCGA-50-5944	17	3	11	54
TCGA-50-5946	767	287	411	211
TCGA-50-6590	640	185	262	37
TCGA-50-6591	15	6	8	41
TCGA-50-6592	181	31	87	65
TCGA-50-6593	217	77	26	70
TCGA-50-6594	413	127	72	35
TCGA-50-6595	28	8	41	46
TCGA-50-6597	3	1	30	45
TCGA-50-6673	0	58	6	47
TCGA-50-7109	182	55	13	70
TCGA-50-8457	23	8	9	27
TCGA-50-8459	48	23	7	41
TCGA-50-8460	1	4	7	24
TCGA-53-7624	522	184	212	111
TCGA-53-7626	342	1126	39	0
TCGA-53-7813	108	31	3	45
TCGA-53-A4EZ	398	145	50	84
TCGA-55-1592	353	82	106	159
TCGA-55-1594	71	13	93	61
TCGA-55-1595	273	74	23	56
TCGA-55-1596	114	30	16	74
TCGA-55-5899	263	89	146	54
TCGA-55-6543	0	1	2	23
TCGA-55-6642	94	44	10	24
TCGA-55-6712	34	11	118	43
TCGA-55-6968	127	41	503	0
TCGA-55-6969	358	160	40	47
TCGA-55-6970	142	33	17	30
TCGA-55-6971	32	240	8	17
TCGA-55-6972	123	41	173	33
TCGA-55-6975	43	13	15	36
TCGA-55-6978	2	51	0	26
TCGA-55-6979	54	669	48	0
TCGA-55-6980	2	26	0	10
TCGA-55-6981	0	265	2	33
TCGA-55-6982	4	28	254	18
TCGA-55-6983	44	34	10	52
TCGA-55-6984	2	30	3	15
TCGA-55-6985	413	121	20	63
TCGA-55-6986	3	8	2	20
TCGA-55-6987	131	44	99	17
TCGA-55-7227	105	32	17	54
TCGA-55-7281	617	262	134	152
TCGA-55-7283	154	72	137	233
TCGA-55-7284	0	0	0	57
TCGA-55-7570	518	93	253	100
TCGA-55-7573	30	7	13	15
TCGA-55-7574	237	47	348	29
TCGA-55-7576	507	178	77	260
TCGA-55-7724	97	23	55	110
TCGA-55-7725	93	25	6	32
TCGA-55-7726	5	6	87	44
TCGA-55-7727	98	35	129	56
TCGA-55-7728	53	23	3	43
TCGA-55-7815	104	21	13	46
TCGA-55-7816	0	0	0	2
TCGA-55-7903	34	37	31	87
TCGA-55-7907	841	267	283	70
TCGA-55-7910	208	74	15	73
TCGA-55-7911	167	38	30	47
TCGA-55-7913	235	66	54	81
TCGA-55-7914	81	31	29	73
TCGA-55-7994	1149	405	135	210
TCGA-55-7995	501	105	148	75
TCGA-55-8085	102	32	136	61
TCGA-55-8087	1	1	8	30
TCGA-55-8089	744	211	517	84
TCGA-55-8090	51	19	6	37
TCGA-55-8091	5	0	0	33
TCGA-55-8092	270	109	190	158
TCGA-55-8094	325	122	35	79
TCGA-55-8096	105	16	18	40
TCGA-55-8097	23	23	15	81
TCGA-55-8203	336	99	11	90
TCGA-55-8204	96	13	106	55
TCGA-55-8205	292	69	244	43
TCGA-55-8206	5	2	7	24
TCGA-55-8207	201	75	23	89
TCGA-55-8208	138	18	243	47
TCGA-55-8299	331	83	39	63
TCGA-55-8301	210	48	41	63
TCGA-55-8302	581	147	42	78
TCGA-55-8505	3	0	16	29
TCGA-55-8506	661	351	0	1111
TCGA-55-8507	777	244	61	137
TCGA-55-8508	113	33	21	62
TCGA-55-8510	233	84	44	34
TCGA-55-8511	383	122	114	96
TCGA-55-8512	20	7	7	18
TCGA-55-8513	0	0	0	9
TCGA-55-8514	198	64	13	78
TCGA-55-8614	110	14	44	132
TCGA-55-8615	86	15	9	54
TCGA-55-8616	373	126	22	86
TCGA-55-8619	0	1	0	26
TCGA-55-8620	335	112	28	143
TCGA-55-8621	44	10	11	24
TCGA-55-A48X	335	76	44	30
TCGA-55-A48Y	0	5	402	39
TCGA-55-A48Z	20	2	6	40
TCGA-55-A490	1049	359	160	85
TCGA-55-A491	258	86	48	75
TCGA-55-A492	205	47	26	80
TCGA-55-A493	159	31	102	48
TCGA-55-A494	139	42	16	102
TCGA-55-A4DF	158	48	705	73
TCGA-55-A4DG	538	187	38	85
TCGA-55-A57B	4	2	9	34
TCGA-62-8394	36	12	62	65
TCGA-62-8395	4	3	21	62
TCGA-62-8397	7	1	2	22
TCGA-62-8398	39	11	12	42
TCGA-62-8399	227	75	274	86
TCGA-62-8402	10	0	7	57
TCGA-62-A46O	583	189	204	119
TCGA-62-A46P	205	74	8	67
TCGA-62-A46R	72	26	37	74
TCGA-62-A46S	44	29	19	68
TCGA-62-A46U	12	1	7	32
TCGA-62-A46V	8	2	7	54
TCGA-62-A46Y	10	0	1	29
TCGA-62-A470	48	13	13	73
TCGA-62-A471	4	6	91	47
TCGA-62-A472	21	8	8	35
TCGA-64-1676	490	147	31	74
TCGA-64-1677	76	22	114	55
TCGA-64-1679	455	93	69	19
TCGA-64-1680	10	0	30	38
TCGA-64-1681	23	0	44	39
TCGA-64-5774	88	35	8	45
TCGA-64-5775	339	138	33	82
TCGA-64-5778	375	99	54	56
TCGA-64-5779	226	110	20	82
TCGA-64-5781	867	239	215	96
TCGA-64-5815	121	36	8	49
TCGA-67-3770	160	50	13	50
TCGA-67-3771	539	180	456	162
TCGA-67-3772	14	0	7	58
TCGA-67-3773	63	23	6	36
TCGA-67-3774	89	14	15	33
TCGA-67-4679	249	50	20	46
TCGA-67-6215	18	2	19	98
TCGA-67-6216	1	4	18	24
TCGA-67-6217	111	46	18	64
TCGA-69-7760	22	2	10	54
TCGA-69-7761	17	1	3	15
TCGA-69-7763	13	14	2	73
TCGA-69-7764	53	6	10	48
TCGA-69-7765	460	153	103	39
TCGA-69-7973	169	74	18	50
TCGA-69-7974	364	127	50	105
TCGA-69-7978	371	108	247	47
TCGA-69-7979	1169	410	129	100
TCGA-69-7980	502	158	242	75
TCGA-69-8253	112	25	39	34
TCGA-69-8254	37	5	3	52
TCGA-69-8255	155	48	66	98
TCGA-69-A59K	359	129	58	91
TCGA-71-6725	3	7	6	65
TCGA-71-8520	13	6	20	66
TCGA-73-4658	139	51	189	70
TCGA-73-4659	193	30	15	36
TCGA-73-4662	162	47	25	43
TCGA-73-4666	287	87	36	77
TCGA-73-4668	464	93	22	71
TCGA-73-4670	217	90	46	99
TCGA-73-4675	9	16	9	51
TCGA-73-4676	43	8	6	57
TCGA-73-4677	180	53	23	55
TCGA-73-7498	62	24	3	52
TCGA-73-7499	13	1	22	49
TCGA-73-A9RS	762	259	104	49
TCGA-75-5122	48	16	37	67
TCGA-75-5125	89	13	57	56
TCGA-75-5126	429	113	240	36
TCGA-75-5146	150	53	19	17
TCGA-75-5147	0	1	13	33
TCGA-75-6203	0	1	0	18
TCGA-75-6205	14	5	15	28
TCGA-75-6206	64	6	22	17
TCGA-75-6207	17	3	20	44
TCGA-75-6211	297	71	29	63
TCGA-75-6212	0	1	3	19
TCGA-75-6214	431	129	246	97
TCGA-75-7025	0	2	7	34
TCGA-75-7027	206	47	15	45
TCGA-75-7030	1	2	0	16
TCGA-75-7031	142	21	31	72
TCGA-78-7145	153	44	23	38
TCGA-78-7146	204	87	140	74
TCGA-78-7147	199	58	76	105
TCGA-78-7148	139	58	18	74
TCGA-78-7149	39	12	113	36
TCGA-78-7150	168	43	209	101
TCGA-78-7152	97	17	115	31
TCGA-78-7153	38	9	33	80
TCGA-78-7154	49	19	143	122
TCGA-78-7155	1178	365	201	124
TCGA-78-7156	134	44	192	57
TCGA-78-7158	153	88	60	39
TCGA-78-7159	215	115	19	71
TCGA-78-7160	32	12	7	21
TCGA-78-7161	118	52	20	60
TCGA-78-7162	42	8	26	27
TCGA-78-7163	23	29	2	16
TCGA-78-7166	158	65	18	36
TCGA-78-7167	44	16	46	49
TCGA-78-7220	611	164	172	116
TCGA-78-7535	112	38	16	58
TCGA-78-7536	479	235	30	102
TCGA-78-7537	109	12	26	24
TCGA-78-7539	122	48	375	69
TCGA-78-7540	42	280	2	21
TCGA-78-7542	245	107	56	71
TCGA-78-7633	77	88	11	27
TCGA-78-8640	478	110	182	147
TCGA-78-8648	6	3	0	8
TCGA-78-8655	46	24	10	53
TCGA-78-8660	156	25	63	64
TCGA-78-8662	911	235	141	157
TCGA-80-5607	4	3	144	9
TCGA-80-5608	226	252	12	7
TCGA-80-5611	127	17	24	81
TCGA-83-5908	118	36	118	23
TCGA-86-6562	6	6	28	36
TCGA-86-6851	718	218	164	45
TCGA-86-7701	156	327	21	66
TCGA-86-7711	238	58	138	130
TCGA-86-7713	187	90	29	93
TCGA-86-7714	47	7	6	31
TCGA-86-7953	27	2	11	25
TCGA-86-7954	102	36	62	91
TCGA-86-7955	184	60	52	85
TCGA-86-8054	178	27	24	47
TCGA-86-8055	6	2	5	52
TCGA-86-8056	80	17	201	44
TCGA-86-8073	1214	407	150	86
TCGA-86-8074	24	6	11	38
TCGA-86-8075	3	1	6	52
TCGA-86-8076	6	10	26	42
TCGA-86-8278	0	0	119	26
TCGA-86-8279	416	117	28	78
TCGA-86-8280	15	2	5	33
TCGA-86-8281	132	73	51	82
TCGA-86-8358	909	228	66	178
TCGA-86-8359	120	26	17	38
TCGA-86-8585	396	100	156	62
TCGA-86-8668	4	0	4	39
TCGA-86-8669	74	16	16	64
TCGA-86-8671	8	0	14	25
TCGA-86-8672	164	72	64	78
TCGA-86-8673	366	92	74	75
TCGA-86-8674	225	78	55	28
TCGA-86-A456	250	91	52	61
TCGA-86-A4JF	177	142	162	1173
TCGA-86-A4P7	16	0	32	37
TCGA-86-A4P8	1	0	0	1
TCGA-91-6828	395	130	77	100
TCGA-91-6829	471	143	89	120
TCGA-91-6830	26	39	274	7
TCGA-91-6831	199	40	21	86
TCGA-91-6835	47	10	25	34
TCGA-91-6836	354	171	40	90
TCGA-91-6840	15	36	95	32
TCGA-91-6847	10	21	19	72
TCGA-91-6848	413	144	144	84
TCGA-91-6849	86	34	14	23
TCGA-91-7771	123	29	41	58
TCGA-91-8496	2	2	4	34
TCGA-91-8497	13	3	6	34
TCGA-91-8499	146	45	132	74
TCGA-91-A4BC	362	91	34	76
TCGA-91-A4BD	0	0	3	24
TCGA-93-7347	78	27	15	26
TCGA-93-7348	91	27	44	109
TCGA-93-8067	29	33	578	35
TCGA-93-A4JN	16	8	20	54
TCGA-93-A4JO	15	1	18	32
TCGA-93-A4JP	17	2	31	33
TCGA-93-A4JQ	31	0	80	34
TCGA-95-7039	1016	340	114	150
TCGA-95-7043	867	286	89	115
TCGA-95-7562	315	93	12	46
TCGA-95-7567	260	147	11	729
TCGA-95-7944	24	7	273	5
TCGA-95-7947	254	42	288	83
TCGA-95-7948	0	1	165	18
TCGA-95-8039	22	13	27	56
TCGA-95-8494	0	3	74	56
TCGA-95-A4VK	182	54	14	68
TCGA-95-A4VN	411	92	58	31
TCGA-95-A4VP	93	24	5	39
TCGA-97-7546	215	71	21	48
TCGA-97-7547	91	32	72	39
TCGA-97-7552	7	4	0	43
TCGA-97-7553	13	5	3	30
TCGA-97-7554	382	81	32	79
TCGA-97-7937	303	125	40	96
TCGA-97-7938	274	102	67	63
TCGA-97-7941	55	12	20	36
TCGA-97-8171	11	2	1	59
TCGA-97-8172	171	53	8	99
TCGA-97-8174	85	31	31	66
TCGA-97-8175	20	0	5	16
TCGA-97-8176	58	18	67	55
TCGA-97-8177	7	1	10	30
TCGA-97-8179	152	27	17	13
TCGA-97-8547	0	4	19	48
TCGA-97-8552	6	1	2	20
TCGA-97-A4LX	164	28	12	15
TCGA-97-A4M0	282	78	97	43
TCGA-97-A4M1	4	3	13	35
TCGA-97-A4M2	13	0	10	9
TCGA-97-A4M3	137	44	35	35
TCGA-97-A4M5	1	9	161	22
TCGA-97-A4M6	9	0	8	25
TCGA-97-A4M7	247	79	21	38
TCGA-99-7458	384	110	31	69
TCGA-99-8025	224	70	184	127
TCGA-99-8028	403	99	17	26
TCGA-99-8032	278	89	42	83
TCGA-99-8033	112	34	20	57
TCGA-99-AA5R	53	13	3	4
TCGA-J2-8192	21	1	12	58
TCGA-J2-8194	84	18	13	77
TCGA-J2-A4AD	140	23	199	58
TCGA-J2-A4AE	10	0	16	36
TCGA-J2-A4AG	43	15	8	48
TCGA-L4-A4E5	272	82	22	45
TCGA-L4-A4E6	7	6	6	2
TCGA-L9-A443	197	49	25	36
TCGA-L9-A444	474	141	36	50
TCGA-L9-A50W	11	0	11	14
TCGA-L9-A5IP	219	67	30	38
TCGA-L9-A743	49	24	79	17
TCGA-L9-A7SV	1359	509	76	85
TCGA-L9-A8F4	652	147	103	71
TCGA-MN-A4N1	337	101	46	105
TCGA-MN-A4N4	1012	309	482	77
TCGA-MN-A4N5	323	109	66	67
TCGA-MP-A4SV	159	44	175	63
TCGA-MP-A4SW	6	4	12	65
TCGA-MP-A4SY	105	13	37	63
TCGA-MP-A4T4	267	107	48	64
TCGA-MP-A4T6	10	1	28	55
TCGA-MP-A4T7	86	35	8	31
TCGA-MP-A4T8	54	32	15	49
TCGA-MP-A4T9	15	5	14	12
TCGA-MP-A4TA	241	69	46	100
TCGA-MP-A4TC	193	62	37	35
TCGA-MP-A4TD	42	14	5	41
TCGA-MP-A4TE	54	24	2	94
TCGA-MP-A4TF	352	94	40	62
TCGA-MP-A4TH	74	5	5	56
TCGA-MP-A4TI	62	23	196	37
TCGA-MP-A4TJ	53	12	3	47
TCGA-MP-A4TK	257	74	84	29
TCGA-MP-A5C7	38	6	5	48
TCGA-NJ-A4YF	544	152	41	47
TCGA-NJ-A4YG	64	18	52	65
TCGA-NJ-A4YI	301	126	41	91
TCGA-NJ-A4YP	146	38	500	8
TCGA-NJ-A4YQ	940	301	51	101
TCGA-NJ-A55A	91	23	11	22
TCGA-NJ-A55O	118	24	12	12
TCGA-NJ-A55R	218	47	22	39
TCGA-NJ-A7XG	9	2	0	31
TCGA-O1-A52J	91	52	17	53
TCGA-S2-AA1A	92	25	6	21
