MutationType	SBS1	SBS2	SBS3	SBS4	SBS5	SBS9	SBS13	SBS42
A[C>A]A	0.00029037	0.00000046	0.01576355	0.02681554	0.00887598	0.00052410	0.00146805	0.00075840
A[C>A]C	0.00116282	0.00018252	0.01945977	0.03292920	0.01086601	0.00597812	0.00090504	0.02095894
A[C>A]G	0.00015306	0.00010936	0.00349958	0.02615690	0.00361072	0.00105579	0.00056190	0.00005761
A[C>A]T	0.00042534	0.00007858	0.00937476	0.01900665	0.00495731	0.00290461	0.00028462	0.00528332
A[C>G]A	0.00060958	0.00000000	0.01492990	0.00437818	0.00747062	0.00454594	0.00312163	0.00026544
A[C>G]C	0.00062221	0.00016402	0.01379874	0.00280838	0.00656104	0.00286482	0.00119375	0.00051482
A[C>G]G	0.00009945	0.00003178	0.00050594	0.00214621	0.00335700	0.00337058	0.00056190	0.00003053
A[C>G]T	0.00037882	0.00007328	0.01337055	0.00228724	0.00757471	0.00610444	0.00327144	0.00028571
A[C>T]A	0.00819324	0.00004842	0.01076166	0.00552832	0.02411308	0.00760788	0.00579154	0.01464493
A[C>T]C	0.00322326	0.00170190	0.01462431	0.00413346	0.02060397	0.00792211	0.00000000	0.04049348
A[C>T]G	0.31564298	0.00006838	0.00513939	0.00131288	0.01206177	0.01085526	0.00064491	0.00075907
A[C>T]T	0.00318340	0.00149457	0.00929791	0.00273825	0.01649936	0.00618063	0.00026008	0.02333411
A[T>A]A	0.00014491	0.00004200	0.00229963	0.00330841	0.00301708	0.00659291	0.00000000	0.00480602
A[T>A]C	0.00082127	0.00078191	0.00614036	0.00252067	0.00576018	0.00297643	0.00005910	0.00294612
A[T>A]G	0.00038842	0.00002101	0.00759544	0.00819183	0.00701318	0.00269509	0.00049477	0.00340535
A[T>A]T	0.00003814	0.00000000	0.00294449	0.00170112	0.00291611	0.01128802	0.00031083	0.00284779
A[T>C]A	0.00019744	0.00002702	0.00691146	0.00279213	0.01888739	0.01053827	0.00085153	0.00419172
A[T>C]C	0.00111958	0.00001915	0.00660876	0.00051056	0.01113800	0.01108244	0.00012871	0.00257878
A[T>C]G	0.00003612	0.00001088	0.00969128	0.00330316	0.02937540	0.01396368	0.00035892	0.00581833
A[T>C]T	0.00119620	0.00007811	0.00833709	0.00063034	0.01801405	0.01732025	0.00049189	0.00112249
A[T>G]A	0.00003116	0.00010425	0.00165456	0.00036877	0.00157804	0.02341261	0.00002737	0.00043363
A[T>G]C	0.00007623	0.00006643	0.00221427	0.00011354	0.00216110	0.00731441	0.00000000	0.00029755
A[T>G]G	0.00009131	0.00000169	0.00496383	0.00093810	0.00610578	0.00520464	0.00006919	0.00043298
A[T>G]T	0.00002334	0.00000189	0.00191319	0.00008728	0.00227175	0.01427427	0.00016413	0.00037873
C[C>A]A	0.00015518	0.00025017	0.02587903	0.07782556	0.00834062	0.00684218	0.00171385	0.01150990
C[C>A]C	0.00110903	0.00014277	0.03624823	0.09574321	0.00858576	0.00340922	0.00147612	0.04054045
C[C>A]G	0.00012254	0.00000000	0.00763267	0.06246721	0.01026888	0.00516310	0.00001401	0.00493184
C[C>A]T	0.00000000	0.00051319	0.01795195	0.06744092	0.00738380	0.00442079	0.00000000	0.02121885
C[C>G]A	0.00001198	0.00000000	0.02219845	0.00755110	0.00781302	0.00127293	0.00686764	0.00422691
C[C>G]C	0.00004757	0.00052587	0.02020158	0.00825290	0.01268288	0.00273448	0.00098814	0.00818225
C[C>G]G	0.00046288	0.00015485	0.00456136	0.00866892	0.00739003	0.00164692	0.00157944	0.00123296
C[C>G]T	0.00000000	0.00007752	0.02599536	0.00666590	0.01084247	0.00437745	0.00794054	0.00687853
C[C>T]A	0.00099476	0.00519578	0.01851788	0.01224764	0.02177767	0.01032028	0.00002363	0.01855476
C[C>T]C	0.00016728	0.00025469	0.02894128	0.01381489	0.02656832	0.01555457	0.00205863	0.05945108
C[C>T]G	0.25774109	0.00880814	0.00681162	0.00843945	0.05193798	0.02453417	0.00644072	0.00503677
C[C>T]T	0.00009880	0.00176751	0.02681136	0.01563847	0.02628133	0.01603621	0.00179903	0.03308532
C[T>A]A	0.00001060	0.00014481	0.00452496	0.00688081	0.00196898	0.00338312	0.00012677	0.00619459
C[T>A]C	0.00018917	0.00028401	0.01981360	0.01138640	0.00563839	0.00431793	0.00040518	0.00165166
C[T>A]G	0.00017618	0.00019592	0.01659809	0.03426502	0.00614846	0.00827497	0.00030246	0.01616289
C[T>A]T	0.00010026	0.00000000	0.01132521	0.00882283	0.00374244	0.00490697	0.00049639	0.00582354
C[T>C]A	0.00000000	0.00017997	0.00503216	0.00247518	0.00739758	0.00967614	0.00002875	0.00174039
C[T>C]C	0.00120340	0.00003317	0.01614029	0.00220262	0.01129851	0.02110681	0.00014454	0.00300563
C[T>C]G	0.00019575	0.00000000	0.01270006	0.00579870	0.02552654	0.02399898	0.00000000	0.00386174
C[T>C]T	0.00001642	0.00017344	0.01408963	0.00191411	0.01296800	0.03636019	0.00010630	0.00249250
C[T>G]A	0.00000875	0.00009118	0.00249044	0.00041572	0.00144058	0.01836348	0.00002511	0.00042772
C[T>G]C	0.00010205	0.00018042	0.00783639	0.00041159	0.00500828	0.01022232	0.00000334	0.00072308
C[T>G]G	0.00006960	0.00015910	0.01345452	0.00399583	0.00752296	0.02212892	0.00000000	0.00616142
C[T>G]T	0.00006594	0.00018930	0.00626899	0.00089724	0.00635345	0.06244226	0.00005268	0.00267713
G[C>A]A	0.00079209	0.00010449	0.00826576	0.03071594	0.01154085	0.01109171	0.00117095	0.00771074
G[C>A]C	0.00022434	0.00000000	0.01668074	0.04465308	0.01142601	0.01266931	0.00073459	0.03538116
G[C>A]G	0.00074413	0.00004261	0.00419198	0.03760611	0.00669489	0.00062125	0.00051169	0.00268063
G[C>A]T	0.00000000	0.00006656	0.01243189	0.02209817	0.00827496	0.01318860	0.00008138	0.01941172
G[C>G]A	0.00000481	0.00007928	0.01472303	0.00514200	0.00529521	0.00195398	0.00185082	0.00240023
G[C>G]C	0.00010853	0.00041767	0.01320686	0.00737802	0.00758747	0.00536739	0.00078020	0.00187467
G[C>G]G	0.00021043	0.00000000	0.00709413	0.00811112	0.00432021	0.00189282	0.00075193	0.00056394
G[C>G]T	0.00000000	0.00017420	0.01827488	0.00316879	0.00815362	0.01320400	0.00357256	0.00297074
G[C>T]A	0.00222588	0.00000000	0.01901241	0.00397558	0.02195025	0.01002851	0.00885925	0.03360323
G[C>T]C	0.00006140	0.00000021	0.02050660	0.00572278	0.03226167	0.01238482	0.00150012	0.20066925
G[C>T]G	0.27635351	0.00000000	0.00154781	0.00118472	0.03519111	0.01729331	0.00055537	0.01150650
G[C>T]T	0.00002064	0.00006552	0.01404804	0.00397142	0.02256807	0.01648575	0.00168043	0.09276873
G[T>A]A	0.00002612	0.00000000	0.00525247	0.00575139	0.00266483	0.00244339	0.00000531	0.00770173
G[T>A]C	0.00006708	0.00016473	0.00899487	0.00362977	0.00341531	0.00315949	0.00016639	0.00190880
G[T>A]G	0.00011247	0.00007053	0.01226436	0.01161292	0.00424105	0.00103253	0.00005289	0.00708690
G[T>A]T	0.00008174	0.00004811	0.00901128	0.00339081	0.00230240	0.00232439	0.00027915	0.00205406
G[T>C]A	0.00033781	0.00000000	0.00742487	0.00180901	0.01023816	0.00877775	0.00022726	0.00373534
G[T>C]C	0.00098803	0.00003445	0.00678223	0.00118976	0.00931876	0.01457538	0.00023294	0.00343376
G[T>C]G	0.00053493	0.00011830	0.01152427	0.00210096	0.01547827	0.00826807	0.00021943	0.00292779
G[T>C]T	0.00002258	0.00000958	0.00747277	0.00046378	0.00979594	0.00895253	0.00000000	0.00151052
G[T>G]A	0.00000000	0.00016259	0.00328837	0.00037303	0.00182980	0.00765287	0.00006945	0.00073166
G[T>G]C	0.00000000	0.00016724	0.00281390	0.00025509	0.00200694	0.00871840	0.00000000	0.00007312
G[T>G]G	0.00015911	0.00004102	0.01152427	0.00215415	0.00546899	0.00520194	0.00047937	0.00037395
G[T>G]T	0.00000462	0.00000000	0.00427120	0.00015480	0.00168033	0.01761452	0.00000225	0.00058146
T[C>A]A	0.00002421	0.00056854	0.00715571	0.02839379	0.00652715	0.01792642	0.07154231	0.00374348
T[C>A]C	0.00129767	0.00021085	0.01992634	0.04664171	0.01061529	0.00361610	0.03711458	0.05525357
T[C>A]G	0.00000000	0.00020405	0.00322565	0.02090780	0.00513536	0.00126167	0.02946205	0.00178409
T[C>A]T	0.00000216	0.00039165	0.00848663	0.02947634	0.01055087	0.02879986	0.03216233	0.02004708
T[C>G]A	0.00000000	0.00000000	0.01131641	0.00255401	0.00648563	0.00283659	0.28707485	0.00041032
T[C>G]C	0.00010412	0.00012241	0.02407766	0.00591723	0.00879784	0.00293992	0.08016244	0.00191341
T[C>G]G	0.00006864	0.00009856	0.00118960	0.00351021	0.00381803	0.00114543	0.03360134	0.00040852
T[C>G]T	0.00057423	0.00105033	0.02000359	0.00241235	0.01038471	0.00593931	0.33430699	0.00027978
T[C>T]A	0.00040842	0.47689579	0.00490094	0.00266816	0.01685766	0.00450269	0.00627580	0.00353795
T[C>T]C	0.00001913	0.12067932	0.01577502	0.00695150	0.02662504	0.01077482	0.00565556	0.03345911
T[C>T]G	0.10882185	0.10573594	0.00226253	0.00053900	0.03550095	0.00924280	0.00289751	0.00071837
T[C>T]T	0.00000000	0.26703191	0.00695444	0.00515301	0.01744631	0.00575997	0.00128649	0.01108831
T[T>A]A	0.00129052	0.00019597	0.00289102	0.00330648	0.00273491	0.01430971	0.00013991	0.00325640
T[T>A]C	0.00000000	0.00017635	0.00922291	0.00317424	0.00354914	0.00201390	0.00021689	0.00171252
T[T>A]G	0.00000897	0.00003883	0.00497325	0.00592857	0.00346496	0.01533988	0.00014830	0.00340795
T[T>A]T	0.00048697	0.00010729	0.00650642	0.00235841	0.00427416	0.01054473	0.00003303	0.00151981
T[T>C]A	0.00004897	0.00000000	0.00675015	0.00089737	0.00780165	0.00770523	0.00001045	0.00261278
T[T>C]C	0.00128767	0.00003995	0.00789657	0.00037045	0.00832420	0.01480490	0.00002328	0.00229599
T[T>C]G	0.00013333	0.00009068	0.00513631	0.00108131	0.00918683	0.00855175	0.00007873	0.00218032
T[T>C]T	0.00093716	0.00001874	0.00695687	0.00026689	0.00903680	0.02381868	0.00028286	0.00101896
T[T>G]A	0.00000000	0.00000775	0.00321964	0.00014038	0.00226248	0.03615954	0.00008697	0.00044057
T[T>G]C	0.00002093	0.00006466	0.00551618	0.00012815	0.00562376	0.00938369	0.00000000	0.00020762
T[T>G]G	0.00018686	0.00007394	0.00596642	0.00144175	0.00502021	0.01001226	0.00002895	0.00187341
T[T>G]T	0.00000000	0.00000000	0.00525519	0.00023836	0.00659442	0.03963577	0.00001007	0.00075127
