Samples	SBS96A	SBS96B	SBS96C	SBS96D	SBS96E
TCGA-05-4244	1.46E+00	7.88E-01	6.37E-01	1.23E+00	1.32E+00
TCGA-05-4249	1.80E+00	9.74E-01	8.05E-01	1.27E+00	1.50E+00
TCGA-05-4250	1.96E+00	1.04E+00	1.08E+00	1.30E+00	2.07E+00
TCGA-05-4382	4.56E+00	3.18E+00	2.29E+00	2.01E+00	2.60E+00
TCGA-05-4384	1.08E+00	5.56E-01	5.59E-01	9.30E-01	1.06E+00
TCGA-05-4389	1.25E+00	5.95E-01	1.10E+00	1.50E+00	1.37E+00
TCGA-05-4390	2.36E+00	1.59E+00	7.92E-01	1.40E+00	1.67E+00
TCGA-05-4395	1.62E+00	8.09E-01	1.40E+00	1.16E+00	1.33E+00
TCGA-05-4396	2.74E+00	2.97E+00	1.05E+00	1.27E+00	4.27E-01
TCGA-05-4397	3.63E+00	1.84E+00	1.85E+00	2.09E+00	3.08E+00
TCGA-05-4398	3.32E+00	1.71E+00	1.56E+00	1.84E+00	2.63E+00
TCGA-05-4402	7.38E-01	2.81E-01	8.61E-01	8.43E-01	1.03E+00
TCGA-05-4403	9.91E-01	5.38E-01	5.03E-01	1.09E+00	1.16E+00
TCGA-05-4405	2.37E+00	1.30E+00	8.56E-01	1.51E+00	2.02E+00
TCGA-05-4410	3.79E+00	2.46E+00	2.10E+00	1.73E+00	2.95E+00
TCGA-05-4415	1.21E+00	8.56E-01	4.99E-01	7.52E-01	9.19E-01
TCGA-05-4417	1.53E+00	1.08E+00	5.20E-01	9.60E-01	1.41E+00
TCGA-05-4418	1.74E+00	1.01E+00	6.45E-01	1.37E+00	2.19E+00
TCGA-05-4420	1.80E+00	1.06E+00	6.96E-01	1.14E+00	1.62E+00
TCGA-05-4422	6.29E-01	1.69E-01	4.92E-01	4.17E-01	5.79E-01
TCGA-05-4424	3.07E+00	1.79E+00	1.65E+00	1.59E+00	2.56E+00
TCGA-05-4425	2.95E-01	0.00E+00	2.83E-01	5.04E-01	4.72E-01
TCGA-05-4426	5.52E-01	2.33E-01	2.81E-01	7.48E-01	6.91E-01
TCGA-05-4427	3.68E+00	1.94E+00	1.45E+00	2.28E+00	3.61E+00
TCGA-05-4430	1.75E+00	9.95E-01	7.53E-01	8.40E-01	1.38E+00
TCGA-05-4432	3.25E+00	1.49E+00	1.05E+00	1.91E+00	3.17E+00
TCGA-05-4433	2.00E-01	1.31E-01	2.15E-01	4.64E-01	4.21E-01
TCGA-05-4434	5.26E-01	0.00E+00	4.32E-01	7.59E-01	8.23E-01
TCGA-05-5420	1.08E+00	4.11E-01	3.93E-01	9.61E-01	9.36E-01
TCGA-05-5423	1.12E+00	7.86E-01	5.56E-01	8.77E-01	9.16E-01
TCGA-05-5425	2.78E+00	1.57E+00	9.34E-01	1.60E+00	2.51E+00
TCGA-05-5428	2.19E+00	1.28E+00	1.77E+00	1.08E+00	1.59E+00
TCGA-05-5429	3.45E-01	0.00E+00	3.69E-01	5.00E-01	3.84E-01
TCGA-05-5715	5.94E-01	3.20E-01	8.80E-01	7.24E-01	5.60E-01
TCGA-35-3615	9.49E-01	5.99E-01	9.71E-01	7.18E-01	7.43E-01
TCGA-35-4122	2.28E+00	9.74E-01	9.34E-01	1.80E+00	2.49E+00
TCGA-35-4123	1.88E+00	1.09E+00	5.69E-01	1.04E+00	1.63E+00
TCGA-35-5375	2.45E+00	1.15E+00	9.22E-01	1.77E+00	2.38E+00
TCGA-38-4625	2.64E+00	1.68E+00	1.70E+00	1.25E+00	1.28E+00
TCGA-38-4626	1.67E+00	1.05E+00	5.32E-01	5.53E-01	1.16E+00
TCGA-38-4627	3.65E-01	2.41E-01	2.68E-01	4.54E-01	4.13E-01
TCGA-38-4628	1.09E+00	4.74E-01	6.51E-01	1.03E+00	1.14E+00
TCGA-38-4629	1.86E+00	8.61E-01	8.65E-01	1.30E+00	1.64E+00
TCGA-38-4630	7.24E-01	4.10E-01	9.86E-01	9.94E-01	9.78E-01
TCGA-38-4631	3.44E+00	1.78E+00	9.56E-01	1.53E+00	3.14E+00
TCGA-38-4632	2.56E+00	1.35E+00	1.03E+00	1.67E+00	2.48E+00
TCGA-38-6178	8.02E-01	2.65E-01	6.24E-01	8.40E-01	8.98E-01
TCGA-38-7271	8.61E-01	4.89E-01	6.60E-01	3.80E-01	3.63E-01
TCGA-38-A44F	2.80E-01	1.41E-02	1.40E-01	3.75E-01	2.74E-01
TCGA-44-2655	1.36E+00	9.27E-01	5.52E-01	6.58E-01	8.30E-01
TCGA-44-2656	5.19E+00	3.21E+00	1.59E+00	2.67E+00	4.28E+00
TCGA-44-2657	3.48E+00	2.30E+00	1.73E+00	2.40E+00	2.85E+00
TCGA-44-2659	2.69E+00	2.11E+00	1.04E+00	1.75E+00	1.21E+00
TCGA-44-2661	1.02E+00	1.48E-01	4.97E-01	1.17E+00	1.36E+00
TCGA-44-2662	1.62E+00	6.82E-01	2.26E+00	1.10E+00	1.83E+00
TCGA-44-2665	3.60E-01	2.25E-01	8.05E-01	1.33E+00	1.36E+00
TCGA-44-2666	1.18E-01	1.80E-01	4.78E-01	1.12E+00	1.11E+00
TCGA-44-2668	2.53E+00	1.78E+00	1.71E+00	1.23E+00	2.48E+00
TCGA-44-3396	1.68E+00	7.07E-01	1.84E+00	1.74E+00	2.31E+00
TCGA-44-3398	2.14E+00	9.72E-01	1.19E+00	1.94E+00	3.03E+00
TCGA-44-3918	5.90E+00	3.28E+00	2.30E+00	2.78E+00	5.38E+00
TCGA-44-3919	9.91E-01	2.42E-01	6.81E-01	1.18E+00	1.44E+00
TCGA-44-4112	3.04E+00	2.26E+00	2.17E+00	1.76E+00	2.70E+00
TCGA-44-5643	1.48E+00	6.94E-01	1.31E+00	1.64E+00	1.34E+00
TCGA-44-5644	4.93E+00	3.15E+00	2.19E+00	2.62E+00	4.49E+00
TCGA-44-5645	6.33E-01	0.00E+00	0.00E+00	1.18E+00	1.31E+00
TCGA-44-6144	2.40E+00	1.28E+00	9.55E-01	1.46E+00	2.14E+00
TCGA-44-6145	2.40E+00	1.83E+00	9.58E-01	1.11E+00	1.84E+00
TCGA-44-6146	6.86E-01	2.55E-01	3.98E-01	1.04E+00	1.02E+00
TCGA-44-6147	1.77E+00	9.04E-01	7.39E-01	1.29E+00	1.72E+00
TCGA-44-6148	2.83E-01	1.46E-01	0.00E+00	3.86E-01	3.36E-01
TCGA-44-6774	2.69E+00	1.74E+00	7.46E-01	1.20E+00	2.24E+00
TCGA-44-6775	1.36E+00	5.11E-01	6.37E-01	1.37E+00	1.81E+00
TCGA-44-6776	2.17E+00	1.30E+00	7.48E-01	1.50E+00	1.79E+00
TCGA-44-6777	3.62E+00	1.56E+00	2.08E+00	2.24E+00	4.05E+00
TCGA-44-6778	3.39E+00	1.70E+00	9.96E-01	1.75E+00	3.29E+00
TCGA-44-6779	9.97E-01	5.26E-01	5.98E-01	9.26E-01	8.81E-01
TCGA-44-7659	1.96E+00	1.06E+00	7.61E-01	1.75E+00	2.32E+00
TCGA-44-7660	4.33E+00	1.36E+00	1.43E+00	4.27E+00	7.02E+00
TCGA-44-7661	2.54E+00	1.58E+00	1.36E+00	1.30E+00	2.00E+00
TCGA-44-7662	4.33E+00	2.36E+00	1.68E+00	2.30E+00	3.52E+00
TCGA-44-7667	3.35E+00	1.93E+00	1.38E+00	2.20E+00	3.05E+00
TCGA-44-7669	3.74E+00	1.98E+00	1.27E+00	2.47E+00	4.19E+00
TCGA-44-7670	5.56E+00	3.98E+00	3.08E+00	3.40E+00	4.88E+00
TCGA-44-7671	2.15E+00	1.20E+00	9.62E-01	2.12E+00	2.42E+00
TCGA-44-7672	2.00E+00	9.57E-01	8.96E-01	1.26E+00	1.85E+00
TCGA-44-8117	2.90E+00	1.91E+00	1.04E+00	1.59E+00	2.45E+00
TCGA-44-8119	3.36E+00	1.71E+00	7.76E-01	2.17E+00	3.42E+00
TCGA-44-8120	2.34E+00	1.48E+00	8.71E-01	1.61E+00	2.50E+00
TCGA-44-A479	1.57E+00	1.20E+00	6.91E-01	1.03E+00	1.12E+00
TCGA-44-A47A	1.39E+00	6.09E-01	1.23E+00	1.19E+00	1.20E+00
TCGA-44-A47B	6.43E-01	2.87E-01	3.07E-01	6.05E-01	5.42E-01
TCGA-44-A47G	8.14E-01	3.90E-01	7.08E-01	8.85E-01	1.10E+00
TCGA-44-A4SS	2.68E+00	1.45E+00	1.19E+00	1.50E+00	2.53E+00
TCGA-44-A4SU	1.32E+00	5.32E-01	4.70E-01	1.09E+00	1.03E+00
TCGA-49-4486	1.06E+00	4.52E-01	1.13E+00	9.90E-01	9.63E-01
TCGA-49-4487	2.05E+00	1.21E+00	9.28E-01	1.18E+00	1.59E+00
TCGA-49-4488	1.51E+00	9.40E-01	8.38E-01	9.45E-01	1.51E+00
TCGA-49-4490	1.56E-01	1.89E-01	5.49E-01	9.06E-01	7.73E-01
TCGA-49-4494	1.23E+00	7.28E-01	5.46E-01	7.92E-01	5.82E-01
TCGA-49-4501	3.59E-01	2.09E-01	4.86E-01	7.37E-01	6.17E-01
TCGA-49-4505	1.39E+00	8.76E-01	6.35E-01	9.49E-01	9.24E-01
TCGA-49-4506	1.13E+00	5.85E-01	3.84E-01	8.11E-01	1.06E+00
TCGA-49-4507	1.19E+00	6.11E-01	1.07E+00	1.04E+00	1.00E+00
TCGA-49-4510	8.85E-01	5.57E-01	3.02E-01	9.11E-01	1.13E+00
TCGA-49-4512	5.23E-01	2.37E-01	3.53E-01	5.95E-01	4.82E-01
TCGA-49-4514	1.67E+00	8.84E-01	1.39E+00	1.13E+00	1.38E+00
TCGA-49-6742	1.30E+00	5.65E-01	1.63E+00	1.93E+00	2.34E+00
TCGA-49-6743	3.19E+00	1.46E+00	1.96E+00	1.65E+00	3.13E+00
TCGA-49-6744	1.46E+00	9.95E-01	5.40E-01	9.20E-01	1.20E+00
TCGA-49-6745	5.19E-01	3.46E-01	1.10E+00	1.06E+00	1.08E+00
TCGA-49-6761	1.85E+00	1.52E+00	1.19E+00	9.70E-01	1.48E+00
TCGA-49-6767	2.40E+00	1.37E+00	8.78E-01	1.12E+00	1.82E+00
TCGA-49-AAQV	6.00E-01	1.28E-01	6.31E-01	7.51E-01	5.25E-01
TCGA-49-AAR0	1.05E+00	5.18E-01	7.36E-01	9.15E-01	1.14E+00
TCGA-49-AAR2	1.91E+00	1.24E+00	6.27E-01	9.88E-01	1.11E+00
TCGA-49-AAR3	1.43E+00	6.02E-01	5.26E-01	1.04E+00	1.47E+00
TCGA-49-AAR4	2.33E+00	1.33E+00	1.59E+00	9.96E-01	1.85E+00
TCGA-49-AAR9	2.44E+00	1.39E+00	9.93E-01	1.68E+00	1.95E+00
TCGA-49-AARE	4.16E+00	2.53E+00	1.77E+00	2.34E+00	3.98E+00
TCGA-49-AARN	3.57E+00	1.29E+00	3.06E+00	9.24E+00	1.16E+01
TCGA-49-AARO	2.04E+00	1.67E+00	8.66E-01	5.66E-01	1.03E+00
TCGA-49-AARQ	2.86E+00	1.92E+00	1.67E+00	1.17E+00	2.00E+00
TCGA-49-AARR	1.20E-01	0.00E+00	2.00E-02	1.26E-01	6.87E-02
TCGA-4B-A93V	1.23E+00	7.43E-01	6.06E-01	7.16E-01	1.01E+00
TCGA-50-5044	5.34E-01	4.52E-01	8.73E-01	5.97E-01	8.07E-01
TCGA-50-5045	1.59E+00	1.23E+00	6.11E-01	5.03E-01	9.79E-01
TCGA-50-5049	4.04E+00	2.26E+00	9.40E-01	1.37E+00	3.88E+00
TCGA-50-5051	1.09E+00	6.33E-01	4.66E-01	8.90E-01	9.89E-01
TCGA-50-5055	7.44E-02	0.00E+00	2.21E-01	3.96E-01	3.45E-01
TCGA-50-5066	2.77E+00	1.40E+00	1.16E+00	1.72E+00	2.82E+00
TCGA-50-5068	9.27E-01	4.11E-01	4.18E-01	8.94E-01	1.03E+00
TCGA-50-5072	1.27E+00	8.43E-01	7.39E-01	8.87E-01	1.05E+00
TCGA-50-5930	3.46E+00	2.39E+00	1.03E+00	1.34E+00	2.70E+00
TCGA-50-5931	2.23E+00	1.18E+00	7.66E-01	1.32E+00	2.27E+00
TCGA-50-5932	8.28E-01	5.62E-01	3.06E-01	5.19E-01	4.40E-01
TCGA-50-5933	2.53E+00	1.47E+00	1.32E+00	1.65E+00	2.09E+00
TCGA-50-5935	7.24E-01	0.00E+00	8.10E-01	9.96E-01	1.06E+00
TCGA-50-5936	8.60E-01	3.45E-01	9.52E-01	7.33E-01	1.05E+00
TCGA-50-5939	7.70E-01	2.24E-01	6.55E-01	7.51E-01	1.04E+00
TCGA-50-5941	2.37E+00	1.18E+00	9.18E-01	1.32E+00	2.30E+00
TCGA-50-5942	7.66E-01	3.57E-01	1.92E-01	6.04E-01	7.63E-01
TCGA-50-5944	6.62E-01	2.45E-01	4.69E-01	9.19E-01	7.36E-01
TCGA-50-5946	4.39E+00	2.30E+00	2.73E+00	3.39E+00	5.29E+00
TCGA-50-6590	3.63E+00	1.95E+00	2.11E+00	1.16E+00	2.74E+00
TCGA-50-6591	6.31E-01	3.21E-01	4.30E-01	7.63E-01	7.81E-01
TCGA-50-6592	1.89E+00	7.84E-01	1.09E+00	1.20E+00	1.89E+00
TCGA-50-6593	1.98E+00	1.02E+00	7.55E-01	1.35E+00	2.29E+00
TCGA-50-6594	2.25E+00	1.50E+00	1.06E+00	1.13E+00	1.88E+00
TCGA-50-6595	1.04E+00	4.01E-01	7.69E-01	8.60E-01	1.06E+00
TCGA-50-6597	4.84E-01	1.08E-01	5.68E-01	8.94E-01	8.33E-01
TCGA-50-6673	1.34E-01	5.23E-01	4.21E-01	8.10E-01	8.16E-01
TCGA-50-7109	1.63E+00	7.87E-01	5.75E-01	1.27E+00	1.40E+00
TCGA-50-8457	7.46E-01	3.35E-01	4.23E-01	6.74E-01	7.23E-01
TCGA-50-8459	8.62E-01	5.35E-01	4.00E-01	7.10E-01	7.54E-01
TCGA-50-8460	1.10E-01	1.93E-01	3.41E-01	5.57E-01	5.70E-01
TCGA-53-7624	2.98E+00	1.78E+00	1.78E+00	1.71E+00	2.40E+00
TCGA-53-7626	3.10E+00	2.89E+00	1.07E+00	4.47E-01	1.46E+00
TCGA-53-7813	1.17E+00	6.13E-01	3.13E-01	7.70E-01	1.10E+00
TCGA-53-A4EZ	2.69E+00	1.49E+00	9.52E-01	1.35E+00	2.24E+00
TCGA-55-1592	3.12E+00	1.24E+00	1.50E+00	2.42E+00	3.75E+00
TCGA-55-1594	1.33E+00	4.55E-01	1.10E+00	1.14E+00	1.35E+00
TCGA-55-1595	2.21E+00	1.19E+00	7.01E-01	1.02E+00	1.72E+00
TCGA-55-1596	1.70E+00	8.00E-01	5.07E-01	1.31E+00	1.85E+00
TCGA-55-5899	2.29E+00	1.21E+00	1.47E+00	1.45E+00	1.98E+00
TCGA-55-6543	1.01E-01	1.33E-01	2.12E-01	3.55E-01	3.42E-01
TCGA-55-6642	1.02E+00	8.74E-01	4.97E-01	8.22E-01	7.08E-01
TCGA-55-6712	9.03E-01	4.86E-01	9.96E-01	9.51E-01	9.01E-01
TCGA-55-6968	2.05E+00	8.12E-01	2.66E+00	7.85E-01	2.42E+00
TCGA-55-6969	2.53E+00	1.30E+00	9.53E-01	1.16E+00	2.50E+00
TCGA-55-6970	1.37E+00	7.78E-01	5.47E-01	8.92E-01	1.11E+00
TCGA-55-6971	1.41E+00	9.81E-01	4.07E-01	6.78E-01	8.43E-01
TCGA-55-6972	1.52E+00	9.27E-01	1.74E+00	1.02E+00	1.59E+00
TCGA-55-6975	8.68E-01	4.55E-01	4.73E-01	7.90E-01	7.75E-01
TCGA-55-6978	3.49E-01	4.22E-01	0.00E+00	6.00E-01	6.01E-01
TCGA-55-6979	1.76E+00	1.73E+00	9.73E-01	0.00E+00	5.88E-01
TCGA-55-6980	2.62E-01	3.17E-01	8.57E-02	4.99E-01	4.92E-01
TCGA-55-6981	2.00E-02	8.28E-01	4.01E-01	7.20E-01	4.82E-01
TCGA-55-6982	4.80E-01	6.09E-01	1.47E+00	1.08E+00	1.50E+00
TCGA-55-6983	1.36E+00	6.70E-01	3.95E-01	1.00E+00	1.07E+00
TCGA-55-6984	5.90E-01	5.01E-01	1.63E-01	5.58E-01	3.27E-01
TCGA-55-6985	2.76E+00	1.48E+00	7.15E-01	1.41E+00	2.56E+00
TCGA-55-6986	2.69E-01	2.60E-01	1.78E-01	4.78E-01	1.74E-01
TCGA-55-6987	1.54E+00	9.15E-01	1.06E+00	7.41E-01	1.12E+00
TCGA-55-7227	1.26E+00	6.72E-01	4.95E-01	8.89E-01	1.28E+00
TCGA-55-7281	3.90E+00	1.93E+00	1.33E+00	2.26E+00	4.35E+00
TCGA-55-7283	2.18E+00	1.18E+00	1.58E+00	2.68E+00	2.19E+00
TCGA-55-7284	1.38E-01	0.00E+00	1.47E-01	7.16E-01	6.72E-01
TCGA-55-7570	3.01E+00	1.51E+00	1.65E+00	2.08E+00	3.53E+00
TCGA-55-7573	7.47E-01	3.24E-01	4.18E-01	5.62E-01	7.31E-01
TCGA-55-7574	2.54E+00	1.00E+00	1.92E+00	1.26E+00	2.40E+00
TCGA-55-7576	3.03E+00	1.53E+00	1.36E+00	2.96E+00	3.51E+00
TCGA-55-7724	1.85E+00	7.53E-01	9.43E-01	1.37E+00	1.85E+00
TCGA-55-7725	1.17E+00	7.48E-01	3.77E-01	7.17E-01	1.18E+00
TCGA-55-7726	7.12E-01	3.13E-01	8.44E-01	8.07E-01	7.99E-01
TCGA-55-7727	1.41E+00	7.15E-01	1.40E+00	1.09E+00	1.66E+00
TCGA-55-7728	8.42E-01	6.00E-01	3.36E-01	6.09E-01	3.12E-01
TCGA-55-7815	1.46E+00	6.49E-01	4.93E-01	8.55E-01	1.02E+00
TCGA-55-7816	0.00E+00	0.00E+00	2.00E-02	2.00E-02	0.00E+00
TCGA-55-7903	1.15E+00	7.14E-01	8.03E-01	9.99E-01	1.28E+00
TCGA-55-7907	3.33E+00	2.04E+00	1.93E+00	1.87E+00	3.42E+00
TCGA-55-7910	1.61E+00	1.09E+00	6.15E-01	1.26E+00	1.17E+00
TCGA-55-7911	1.47E+00	7.60E-01	7.71E-01	1.04E+00	1.33E+00
TCGA-55-7913	1.98E+00	1.08E+00	1.03E+00	1.26E+00	1.45E+00
TCGA-55-7914	1.28E+00	6.13E-01	6.17E-01	1.05E+00	1.41E+00
TCGA-55-7994	4.40E+00	2.74E+00	1.82E+00	2.73E+00	5.03E+00
TCGA-55-7995	2.75E+00	1.47E+00	1.38E+00	1.61E+00	2.59E+00
TCGA-55-8085	1.50E+00	8.00E-01	1.35E+00	1.09E+00	1.18E+00
TCGA-55-8087	3.51E-01	1.40E-01	4.44E-01	5.67E-01	3.76E-01
TCGA-55-8089	3.16E+00	1.96E+00	3.30E+00	1.83E+00	3.10E+00
TCGA-55-8090	1.11E+00	5.44E-01	3.73E-01	7.53E-01	1.10E+00
TCGA-55-8091	4.76E-01	0.00E+00	1.13E-01	5.05E-01	2.95E-01
TCGA-55-8092	2.29E+00	1.39E+00	2.08E+00	1.83E+00	2.25E+00
TCGA-55-8094	2.13E+00	1.36E+00	7.60E-01	1.55E+00	1.68E+00
TCGA-55-8096	1.10E+00	5.26E-01	6.00E-01	7.97E-01	8.01E-01
TCGA-55-8097	9.27E-01	5.42E-01	5.27E-01	9.03E-01	9.50E-01
TCGA-55-8203	2.03E+00	1.27E+00	6.70E-01	1.25E+00	1.29E+00
TCGA-55-8204	1.47E+00	5.12E-01	1.24E+00	1.08E+00	1.09E+00
TCGA-55-8205	2.39E+00	1.14E+00	1.73E+00	1.01E+00	1.77E+00
TCGA-55-8206	4.48E-01	1.52E-01	3.66E-01	5.70E-01	5.39E-01
TCGA-55-8207	1.98E+00	9.18E-01	6.75E-01	1.38E+00	2.28E+00
TCGA-55-8208	1.91E+00	6.83E-01	1.48E+00	1.24E+00	2.00E+00
TCGA-55-8299	2.47E+00	1.27E+00	9.02E-01	1.38E+00	2.31E+00
TCGA-55-8301	1.92E+00	1.03E+00	8.15E-01	1.10E+00	1.76E+00
TCGA-55-8302	2.75E+00	1.54E+00	1.05E+00	1.79E+00	2.77E+00
TCGA-55-8505	3.71E-01	3.62E-02	4.56E-01	6.25E-01	6.37E-01
TCGA-55-8506	4.09E+00	2.59E+00	1.46E+00	4.89E+00	4.43E+00
TCGA-55-8507	3.61E+00	2.35E+00	1.34E+00	1.99E+00	2.85E+00
TCGA-55-8508	1.45E+00	8.44E-01	6.71E-01	1.07E+00	1.18E+00
TCGA-55-8510	1.89E+00	1.23E+00	9.16E-01	1.05E+00	1.45E+00
TCGA-55-8511	2.63E+00	1.57E+00	1.42E+00	1.58E+00	1.97E+00
TCGA-55-8512	7.03E-01	3.24E-01	2.94E-01	5.78E-01	5.93E-01
TCGA-55-8513	1.97E-02	0.00E+00	1.41E-02	1.99E-01	1.95E-01
TCGA-55-8514	1.69E+00	1.07E+00	5.89E-01	1.25E+00	1.51E+00
TCGA-55-8614	1.39E+00	5.61E-01	7.78E-01	1.65E+00	2.26E+00
TCGA-55-8615	1.18E+00	4.68E-01	3.97E-01	8.51E-01	1.28E+00
TCGA-55-8616	2.23E+00	1.69E+00	7.66E-01	1.24E+00	1.22E+00
TCGA-55-8619	2.98E-01	7.53E-02	1.35E-01	3.27E-01	2.94E-01
TCGA-55-8620	2.58E+00	1.38E+00	7.39E-01	1.70E+00	2.69E+00
TCGA-55-8621	9.92E-01	4.04E-01	4.44E-01	7.75E-01	9.49E-01
TCGA-55-A48X	2.00E+00	1.18E+00	9.61E-01	1.18E+00	1.27E+00
TCGA-55-A48Y	7.35E-01	4.12E-01	2.29E+00	1.12E+00	2.33E+00
TCGA-55-A48Z	6.72E-01	2.08E-01	3.27E-01	6.41E-01	6.24E-01
TCGA-55-A490	4.01E+00	2.74E+00	1.69E+00	1.57E+00	2.86E+00
TCGA-55-A491	2.45E+00	1.35E+00	8.68E-01	1.27E+00	2.11E+00
TCGA-55-A492	2.01E+00	9.90E-01	6.84E-01	1.44E+00	1.79E+00
TCGA-55-A493	1.37E+00	6.66E-01	1.15E+00	1.01E+00	1.35E+00
TCGA-55-A494	1.41E+00	7.92E-01	6.27E-01	1.12E+00	9.01E-01
TCGA-55-A4DF	2.19E+00	1.09E+00	3.95E+00	1.75E+00	3.78E+00
TCGA-55-A4DG	3.01E+00	1.98E+00	8.95E-01	1.54E+00	2.85E+00
TCGA-55-A57B	5.16E-01	1.88E-01	4.50E-01	6.66E-01	5.76E-01
TCGA-62-8394	9.75E-01	4.42E-01	8.38E-01	1.02E+00	1.46E+00
TCGA-62-8395	4.16E-01	1.83E-01	6.58E-01	9.18E-01	8.01E-01
TCGA-62-8397	4.62E-01	1.74E-01	1.96E-01	4.10E-01	4.94E-01
TCGA-62-8398	8.98E-01	4.00E-01	4.55E-01	9.21E-01	9.18E-01
TCGA-62-8399	2.03E+00	1.34E+00	1.46E+00	1.44E+00	1.51E+00
TCGA-62-8402	6.40E-01	2.00E-02	4.46E-01	8.13E-01	7.26E-01
TCGA-62-A46O	3.31E+00	1.95E+00	1.76E+00	1.87E+00	2.63E+00
TCGA-62-A46P	1.73E+00	1.12E+00	5.77E-01	1.16E+00	1.16E+00
TCGA-62-A46R	1.17E+00	6.76E-01	7.78E-01	1.25E+00	1.48E+00
TCGA-62-A46S	1.18E+00	6.29E-01	6.24E-01	9.81E-01	1.14E+00
TCGA-62-A46U	5.91E-01	1.65E-01	3.45E-01	5.70E-01	4.47E-01
TCGA-62-A46V	5.68E-01	2.10E-01	4.04E-01	8.64E-01	8.73E-01
TCGA-62-A46Y	3.42E-01	0.00E+00	2.20E-01	7.87E-01	7.28E-01
TCGA-62-A470	1.15E+00	4.69E-01	4.98E-01	1.20E+00	8.18E-01
TCGA-62-A471	1.35E-01	3.51E-01	9.44E-01	7.94E-01	9.11E-01
TCGA-62-A472	7.97E-01	3.04E-01	2.93E-01	7.25E-01	9.98E-01
TCGA-64-1676	2.57E+00	1.56E+00	8.53E-01	1.23E+00	2.15E+00
TCGA-64-1677	1.34E+00	6.06E-01	1.17E+00	9.05E-01	1.29E+00
TCGA-64-1679	1.92E+00	1.36E+00	9.97E-01	8.71E-01	1.31E+00
TCGA-64-1680	5.00E-01	1.00E-02	7.39E-01	8.55E-01	5.10E-01
TCGA-64-1681	5.91E-01	1.49E-01	6.95E-01	1.03E+00	1.15E+00
TCGA-64-5774	1.17E+00	7.71E-01	5.00E-01	7.31E-01	9.05E-01
TCGA-64-5775	2.77E+00	1.33E+00	8.41E-01	1.60E+00	2.36E+00
TCGA-64-5778	2.17E+00	1.45E+00	8.79E-01	1.48E+00	1.69E+00
TCGA-64-5779	1.77E+00	1.24E+00	7.06E-01	1.34E+00	1.64E+00
TCGA-64-5781	3.86E+00	2.15E+00	2.31E+00	1.81E+00	3.27E+00
TCGA-64-5815	1.33E+00	8.33E-01	4.60E-01	9.69E-01	6.58E-01
TCGA-67-3770	1.57E+00	9.05E-01	5.24E-01	1.09E+00	1.57E+00
TCGA-67-3771	4.23E+00	1.92E+00	2.69E+00	2.54E+00	4.03E+00
TCGA-67-3772	7.78E-01	1.11E-01	5.28E-01	8.38E-01	8.63E-01
TCGA-67-3773	8.90E-01	5.05E-01	2.94E-01	8.31E-01	9.17E-01
TCGA-67-3774	1.19E+00	4.74E-01	4.86E-01	9.92E-01	1.30E+00
TCGA-67-4679	1.86E+00	8.44E-01	6.46E-01	1.01E+00	1.43E+00
TCGA-67-6215	0.00E+00	1.60E-01	1.57E-01	3.11E+00	3.17E+00
TCGA-67-6216	3.09E-01	1.87E-01	3.91E-01	5.71E-01	5.36E-01
TCGA-67-6217	1.38E+00	9.94E-01	6.59E-01	1.14E+00	1.18E+00
TCGA-69-7760	5.86E-01	1.35E-01	4.83E-01	7.74E-01	8.62E-01
TCGA-69-7761	5.22E-01	1.75E-01	1.77E-01	4.75E-01	5.81E-01
TCGA-69-7763	9.29E-01	4.55E-01	2.54E-01	9.21E-01	8.34E-01
TCGA-69-7764	1.01E+00	3.93E-01	4.69E-01	1.05E+00	1.28E+00
TCGA-69-7765	2.98E+00	1.54E+00	1.40E+00	1.37E+00	2.70E+00
TCGA-69-7973	1.57E+00	1.08E+00	7.05E-01	8.95E-01	8.81E-01
TCGA-69-7974	2.51E+00	1.41E+00	8.54E-01	1.64E+00	2.14E+00
TCGA-69-7978	2.09E+00	1.29E+00	1.55E+00	1.43E+00	1.84E+00
TCGA-69-7979	4.26E+00	3.23E+00	1.66E+00	1.91E+00	2.08E+00
TCGA-69-7980	3.50E+00	1.72E+00	1.68E+00	1.87E+00	3.27E+00
TCGA-69-8253	1.12E+00	6.86E-01	7.65E-01	7.73E-01	8.94E-01
TCGA-69-8254	8.79E-01	3.31E-01	2.16E-01	9.29E-01	9.08E-01
TCGA-69-8255	1.84E+00	9.72E-01	1.06E+00	1.45E+00	1.87E+00
TCGA-69-A59K	2.32E+00	1.83E+00	1.06E+00	1.35E+00	1.20E+00
TCGA-71-6725	3.95E-01	3.31E-01	4.07E-01	8.27E-01	6.73E-01
TCGA-71-8520	7.45E-01	3.38E-01	4.99E-01	8.82E-01	7.13E-01
TCGA-73-4658	1.46E+00	9.66E-01	1.74E+00	1.40E+00	1.35E+00
TCGA-73-4659	1.47E+00	7.63E-01	6.36E-01	1.04E+00	1.12E+00
TCGA-73-4662	1.43E+00	7.34E-01	7.29E-01	1.08E+00	1.17E+00
TCGA-73-4666	2.11E+00	1.23E+00	7.50E-01	1.21E+00	1.89E+00
TCGA-73-4668	2.41E+00	1.60E+00	7.75E-01	1.50E+00	2.03E+00
TCGA-73-4670	1.92E+00	1.21E+00	9.36E-01	1.76E+00	1.91E+00
TCGA-73-4675	5.16E-01	4.01E-01	3.57E-01	8.32E-01	8.82E-01
TCGA-73-4676	1.02E+00	3.77E-01	3.17E-01	9.21E-01	1.26E+00
TCGA-73-4677	1.67E+00	9.66E-01	6.26E-01	1.21E+00	1.59E+00
TCGA-73-7498	9.60E-01	6.36E-01	3.46E-01	9.26E-01	8.79E-01
TCGA-73-7499	8.55E-01	1.36E-01	5.86E-01	8.40E-01	9.81E-01
TCGA-73-A9RS	3.00E+00	2.19E+00	1.23E+00	1.42E+00	2.46E+00
TCGA-75-5122	1.04E+00	4.40E-01	7.58E-01	9.90E-01	1.29E+00
TCGA-75-5125	1.33E+00	5.47E-01	7.48E-01	1.01E+00	1.08E+00
TCGA-75-5126	2.50E+00	1.54E+00	1.74E+00	1.20E+00	1.87E+00
TCGA-75-5146	1.29E+00	7.69E-01	5.69E-01	6.01E-01	1.13E+00
TCGA-75-5147	3.40E-01	9.36E-02	4.41E-01	6.00E-01	6.10E-01
TCGA-75-6203	1.10E-01	9.82E-02	0.00E+00	2.38E-01	2.02E-01
TCGA-75-6205	6.63E-01	2.88E-01	4.62E-01	6.60E-01	8.62E-01
TCGA-75-6206	9.09E-01	3.28E-01	5.46E-01	7.15E-01	9.10E-01
TCGA-75-6207	6.32E-01	2.35E-01	5.71E-01	9.36E-01	9.12E-01
TCGA-75-6211	2.01E+00	1.29E+00	8.07E-01	1.31E+00	1.69E+00
TCGA-75-6212	1.44E-01	1.18E-01	2.66E-01	3.95E-01	2.26E-01
TCGA-75-6214	3.04E+00	1.61E+00	2.04E+00	1.77E+00	2.54E+00
TCGA-75-7025	2.33E-01	1.66E-01	3.89E-01	6.19E-01	5.53E-01
TCGA-75-7027	1.45E+00	8.73E-01	5.27E-01	1.09E+00	1.14E+00
TCGA-75-7030	2.22E-01	2.05E-01	0.00E+00	3.33E-01	2.49E-01
TCGA-75-7031	1.39E+00	6.78E-01	8.06E-01	1.18E+00	1.38E+00
TCGA-78-7145	1.31E+00	9.19E-01	6.79E-01	8.59E-01	8.20E-01
TCGA-78-7146	1.96E+00	1.25E+00	1.35E+00	1.21E+00	1.35E+00
TCGA-78-7147	1.96E+00	8.06E-01	1.14E+00	1.35E+00	2.08E+00
TCGA-78-7148	1.57E+00	8.03E-01	6.62E-01	1.37E+00	1.64E+00
TCGA-78-7149	9.20E-01	4.63E-01	9.34E-01	1.08E+00	1.21E+00
TCGA-78-7150	2.21E+00	8.39E-01	1.81E+00	1.41E+00	2.12E+00
TCGA-78-7152	1.16E+00	5.77E-01	1.18E+00	9.59E-01	1.17E+00
TCGA-78-7153	1.00E+00	3.81E-01	7.75E-01	1.10E+00	1.12E+00
TCGA-78-7154	1.26E+00	6.48E-01	1.41E+00	1.55E+00	1.53E+00
TCGA-78-7155	5.33E+00	2.88E+00	1.68E+00	1.66E+00	4.59E+00
TCGA-78-7156	1.43E+00	9.98E-01	1.73E+00	1.23E+00	1.37E+00
TCGA-78-7158	1.53E+00	1.06E+00	9.88E-01	1.09E+00	1.12E+00
TCGA-78-7159	1.98E+00	1.22E+00	6.48E-01	1.10E+00	1.59E+00
TCGA-78-7160	7.69E-01	3.74E-01	3.38E-01	6.82E-01	8.76E-01
TCGA-78-7161	1.58E+00	9.87E-01	6.12E-01	9.06E-01	1.33E+00
TCGA-78-7162	1.02E+00	4.08E-01	6.06E-01	8.51E-01	1.04E+00
TCGA-78-7163	5.55E-01	4.86E-01	2.62E-01	5.05E-01	3.60E-01
TCGA-78-7166	1.51E+00	9.52E-01	5.98E-01	1.11E+00	1.16E+00
TCGA-78-7167	1.13E+00	5.80E-01	8.63E-01	8.65E-01	8.06E-01
TCGA-78-7220	3.18E+00	1.66E+00	1.67E+00	1.79E+00	2.50E+00
TCGA-78-7535	1.32E+00	6.72E-01	4.59E-01	1.14E+00	1.66E+00
TCGA-78-7536	2.90E+00	1.87E+00	8.49E-01	1.55E+00	2.37E+00
TCGA-78-7537	1.13E+00	4.67E-01	6.27E-01	5.72E-01	1.02E+00
TCGA-78-7539	1.86E+00	9.06E-01	2.03E+00	1.66E+00	2.02E+00
TCGA-78-7540	1.76E-01	7.25E-01	2.18E-01	7.13E-01	6.00E-02
TCGA-78-7542	2.34E+00	1.24E+00	1.09E+00	1.37E+00	1.95E+00
TCGA-78-7633	1.37E+00	9.63E-01	4.93E-01	7.96E-01	1.24E+00
TCGA-78-8640	3.14E+00	1.53E+00	1.88E+00	1.75E+00	3.04E+00
TCGA-78-8648	3.59E-01	1.78E-01	0.00E+00	3.28E-01	2.50E-01
TCGA-78-8655	8.97E-01	6.30E-01	4.45E-01	7.47E-01	8.34E-01
TCGA-78-8660	1.78E+00	8.17E-01	9.96E-01	1.35E+00	1.88E+00
TCGA-78-8662	4.68E+00	2.30E+00	1.69E+00	2.13E+00	4.38E+00
TCGA-80-5607	6.23E-01	2.05E-01	9.78E-01	7.07E-01	8.14E-01
TCGA-80-5608	1.73E+00	1.68E+00	4.95E-01	8.27E-01	3.36E-01
TCGA-80-5611	1.88E+00	6.89E-01	7.32E-01	1.41E+00	2.00E+00
TCGA-83-5908	1.58E+00	7.17E-01	1.14E+00	9.05E-01	1.33E+00
TCGA-86-6562	5.08E-01	2.68E-01	5.57E-01	7.26E-01	6.95E-01
TCGA-86-6851	4.60E+00	2.12E+00	1.57E+00	1.81E+00	4.62E+00
TCGA-86-7701	2.33E+00	1.84E+00	4.66E-01	1.31E+00	1.64E+00
TCGA-86-7711	2.26E+00	1.04E+00	1.33E+00	1.97E+00	2.77E+00
TCGA-86-7713	1.94E+00	1.19E+00	7.27E-01	1.48E+00	1.83E+00
TCGA-86-7714	1.01E+00	3.48E-01	3.11E-01	7.74E-01	9.41E-01
TCGA-86-7953	7.11E-01	1.93E-01	4.04E-01	5.38E-01	7.68E-01
TCGA-86-7954	1.68E+00	7.85E-01	9.22E-01	1.18E+00	1.58E+00
TCGA-86-7955	2.07E+00	1.01E+00	1.00E+00	1.12E+00	2.08E+00
TCGA-86-8054	1.45E+00	7.12E-01	6.45E-01	9.68E-01	1.22E+00
TCGA-86-8055	5.21E-01	1.77E-01	3.08E-01	8.73E-01	9.10E-01
TCGA-86-8056	1.44E+00	5.34E-01	1.70E+00	1.11E+00	1.32E+00
TCGA-86-8073	5.05E+00	3.09E+00	1.83E+00	2.19E+00	3.89E+00
TCGA-86-8074	6.72E-01	3.28E-01	4.17E-01	8.24E-01	9.86E-01
TCGA-86-8075	3.23E-01	1.12E-01	3.87E-01	7.92E-01	8.57E-01
TCGA-86-8076	6.23E-01	4.06E-01	5.82E-01	7.64E-01	7.99E-01
TCGA-86-8278	1.14E-01	9.92E-02	9.52E-01	8.33E-01	9.56E-01
TCGA-86-8279	2.73E+00	1.58E+00	8.24E-01	1.48E+00	2.62E+00
TCGA-86-8280	6.93E-01	1.94E-01	3.56E-01	8.37E-01	8.96E-01
TCGA-86-8281	1.78E+00	1.05E+00	8.21E-01	1.48E+00	1.86E+00
TCGA-86-8358	3.28E+00	1.69E+00	1.22E+00	2.08E+00	3.33E+00
TCGA-86-8359	1.20E+00	7.32E-01	5.95E-01	8.73E-01	9.81E-01
TCGA-86-8585	2.77E+00	1.28E+00	1.55E+00	1.58E+00	2.85E+00
TCGA-86-8668	4.32E-01	0.00E+00	2.86E-01	6.38E-01	6.75E-01
TCGA-86-8669	1.09E+00	5.03E-01	5.75E-01	1.15E+00	1.28E+00
TCGA-86-8671	3.17E-01	0.00E+00	4.50E-01	5.95E-01	5.35E-01
TCGA-86-8672	1.67E+00	9.74E-01	1.08E+00	1.28E+00	1.96E+00
TCGA-86-8673	2.67E+00	1.33E+00	1.13E+00	1.43E+00	2.83E+00
TCGA-86-8674	1.73E+00	1.08E+00	8.54E-01	9.24E-01	1.31E+00
TCGA-86-A456	2.02E+00	1.25E+00	8.40E-01	1.21E+00	1.84E+00
TCGA-86-A4JF	3.57E+00	1.83E+00	1.82E+00	1.06E+01	1.23E+01
TCGA-86-A4P7	7.17E-01	0.00E+00	5.79E-01	7.67E-01	7.90E-01
TCGA-86-A4P8	9.01E-02	0.00E+00	0.00E+00	0.00E+00	9.01E-02
TCGA-91-6828	2.49E+00	1.49E+00	1.36E+00	1.70E+00	2.35E+00
TCGA-91-6829	3.55E+00	1.58E+00	1.13E+00	1.44E+00	3.36E+00
TCGA-91-6830	1.14E+00	7.42E-01	1.55E+00	7.31E-01	1.61E+00
TCGA-91-6831	1.84E+00	7.23E-01	6.64E-01	1.75E+00	2.13E+00
TCGA-91-6835	9.82E-01	3.95E-01	4.67E-01	7.73E-01	1.08E+00
TCGA-91-6836	2.60E+00	1.58E+00	8.52E-01	1.55E+00	1.73E+00
TCGA-91-6840	8.10E-01	6.53E-01	9.08E-01	8.65E-01	7.08E-01
TCGA-91-6847	7.40E-01	5.22E-01	5.15E-01	1.04E+00	1.22E+00
TCGA-91-6848	2.95E+00	1.50E+00	1.09E+00	1.73E+00	3.19E+00
TCGA-91-6849	1.11E+00	6.09E-01	5.98E-01	6.88E-01	8.97E-01
TCGA-91-7771	1.57E+00	6.84E-01	9.28E-01	1.19E+00	1.81E+00
TCGA-91-8496	2.73E-01	1.72E-01	3.15E-01	5.61E-01	4.45E-01
TCGA-91-8497	5.84E-01	2.95E-01	3.54E-01	7.68E-01	6.71E-01
TCGA-91-8499	1.89E+00	1.11E+00	1.24E+00	1.43E+00	1.79E+00
TCGA-91-A4BC	2.14E+00	1.53E+00	8.30E-01	1.21E+00	1.43E+00
TCGA-91-A4BD	2.12E-01	0.00E+00	2.00E-01	5.13E-01	5.17E-01
TCGA-93-7347	1.19E+00	6.05E-01	4.25E-01	8.62E-01	1.03E+00
TCGA-93-7348	1.79E+00	7.51E-01	9.07E-01	1.37E+00	1.69E+00
TCGA-93-8067	1.64E+00	8.04E-01	2.84E+00	1.43E+00	2.65E+00
TCGA-93-A4JN	7.03E-01	3.26E-01	4.97E-01	8.32E-01	8.24E-01
TCGA-93-A4JO	6.44E-01	1.60E-01	5.50E-01	7.29E-01	8.29E-01
TCGA-93-A4JP	7.80E-01	1.12E-01	6.87E-01	6.77E-01	8.70E-01
TCGA-93-A4JQ	7.99E-01	8.25E-02	8.65E-01	9.77E-01	1.43E+00
TCGA-95-7039	4.19E+00	2.88E+00	1.53E+00	2.19E+00	3.70E+00
TCGA-95-7043	3.18E+00	2.25E+00	1.47E+00	1.81E+00	1.98E+00
TCGA-95-7562	1.79E+00	1.45E+00	6.80E-01	1.10E+00	7.42E-01
TCGA-95-7567	3.56E+00	1.66E+00	8.37E-01	8.50E+00	9.89E+00
TCGA-95-7944	7.73E-01	3.43E-01	1.66E+00	5.88E-01	1.65E+00
TCGA-95-7947	2.25E+00	9.50E-01	2.41E+00	1.90E+00	2.97E+00
TCGA-95-7948	5.00E-02	1.14E-01	1.15E+00	7.09E-01	1.04E+00
TCGA-95-8039	9.20E-01	4.35E-01	6.14E-01	8.52E-01	1.20E+00
TCGA-95-8494	5.59E-01	1.88E-01	9.57E-01	9.55E-01	9.35E-01
TCGA-95-A4VK	1.46E+00	9.04E-01	6.29E-01	1.16E+00	1.22E+00
TCGA-95-A4VN	2.05E+00	1.43E+00	1.04E+00	1.11E+00	1.21E+00
TCGA-95-A4VP	1.02E+00	5.51E-01	4.10E-01	7.97E-01	9.02E-01
TCGA-97-7546	1.96E+00	1.03E+00	6.20E-01	1.01E+00	1.69E+00
TCGA-97-7547	1.21E+00	6.70E-01	8.73E-01	9.57E-01	1.04E+00
TCGA-97-7552	5.84E-01	3.12E-01	8.74E-02	5.94E-01	5.46E-01
TCGA-97-7553	7.05E-01	3.78E-01	2.35E-01	5.74E-01	3.74E-01
TCGA-97-7554	2.23E+00	1.28E+00	8.27E-01	1.35E+00	1.92E+00
TCGA-97-7937	1.90E+00	1.31E+00	9.32E-01	1.20E+00	1.68E+00
TCGA-97-7938	2.14E+00	1.24E+00	1.00E+00	1.35E+00	2.09E+00
TCGA-97-7941	1.02E+00	5.86E-01	6.26E-01	7.37E-01	4.87E-01
TCGA-97-8171	7.13E-01	2.18E-01	2.14E-01	8.57E-01	7.91E-01
TCGA-97-8172	1.70E+00	8.63E-01	4.08E-01	1.17E+00	1.18E+00
TCGA-97-8174	1.38E+00	7.40E-01	8.66E-01	9.86E-01	9.93E-01
TCGA-97-8175	5.19E-01	0.00E+00	2.91E-01	5.77E-01	4.57E-01
TCGA-97-8176	1.10E+00	5.92E-01	8.93E-01	1.00E+00	1.07E+00
TCGA-97-8177	4.41E-01	1.82E-01	3.53E-01	6.17E-01	7.29E-01
TCGA-97-8179	1.24E+00	7.39E-01	5.26E-01	6.01E-01	9.29E-01
TCGA-97-8547	2.67E-01	2.67E-01	5.42E-01	6.96E-01	5.30E-01
TCGA-97-8552	4.90E-01	1.62E-01	2.39E-01	4.90E-01	5.51E-01
TCGA-97-A4LX	1.40E+00	7.60E-01	4.18E-01	6.09E-01	1.34E+00
TCGA-97-A4M0	2.75E+00	1.44E+00	1.29E+00	1.19E+00	2.37E+00
TCGA-97-A4M1	4.20E-01	2.12E-01	4.14E-01	5.25E-01	3.20E-01
TCGA-97-A4M2	4.40E-01	8.75E-02	3.34E-01	4.29E-01	3.77E-01
TCGA-97-A4M3	1.66E+00	8.52E-01	6.82E-01	8.49E-01	1.19E+00
TCGA-97-A4M5	4.79E-01	3.72E-01	1.28E+00	7.76E-01	1.24E+00
TCGA-97-A4M6	3.50E-01	0.00E+00	3.30E-01	6.65E-01	7.76E-01
TCGA-97-A4M7	1.76E+00	1.07E+00	6.50E-01	1.07E+00	1.66E+00
TCGA-99-7458	2.79E+00	1.42E+00	8.14E-01	1.65E+00	2.81E+00
TCGA-99-8025	2.10E+00	1.09E+00	1.61E+00	1.59E+00	1.99E+00
TCGA-99-8028	2.42E+00	1.51E+00	6.74E-01	9.98E-01	1.95E+00
TCGA-99-8032	2.14E+00	1.28E+00	9.42E-01	1.29E+00	1.61E+00
TCGA-99-8033	1.60E+00	8.32E-01	6.44E-01	1.12E+00	1.47E+00
TCGA-99-AA5R	8.52E-01	4.46E-01	2.10E-01	1.78E-01	6.70E-01
TCGA-J2-8192	8.38E-01	1.18E-01	5.87E-01	1.03E+00	1.07E+00
TCGA-J2-8194	1.24E+00	5.73E-01	5.24E-01	1.07E+00	1.25E+00
TCGA-J2-A4AD	1.57E+00	6.75E-01	1.51E+00	1.24E+00	1.68E+00
TCGA-J2-A4AE	5.08E-01	0.00E+00	4.82E-01	7.49E-01	6.60E-01
TCGA-J2-A4AG	8.95E-01	5.48E-01	4.29E-01	8.77E-01	6.70E-01
TCGA-L4-A4E5	1.85E+00	1.21E+00	6.35E-01	1.07E+00	1.38E+00
TCGA-L4-A4E6	3.16E-01	1.96E-01	2.67E-01	1.98E-01	1.17E-01
TCGA-L9-A443	1.77E+00	9.54E-01	6.71E-01	1.13E+00	1.51E+00
TCGA-L9-A444	2.26E+00	1.52E+00	9.27E-01	1.39E+00	1.92E+00
TCGA-L9-A50W	4.37E-01	1.17E-01	3.87E-01	5.19E-01	7.01E-01
TCGA-L9-A5IP	1.85E+00	1.11E+00	8.32E-01	1.05E+00	1.51E+00
TCGA-L9-A743	1.32E+00	6.02E-01	7.31E-01	6.31E-01	1.07E+00
TCGA-L9-A7SV	4.49E+00	3.13E+00	1.50E+00	1.54E+00	3.18E+00
TCGA-L9-A8F4	3.36E+00	1.82E+00	1.45E+00	1.89E+00	3.53E+00
TCGA-MN-A4N1	2.27E+00	1.29E+00	9.43E-01	1.41E+00	2.20E+00
TCGA-MN-A4N4	3.82E+00	2.33E+00	3.24E+00	2.16E+00	3.27E+00
TCGA-MN-A4N5	2.28E+00	1.35E+00	1.09E+00	1.57E+00	2.17E+00
TCGA-MP-A4SV	1.90E+00	9.44E-01	1.37E+00	1.33E+00	1.73E+00
TCGA-MP-A4SW	7.31E-01	2.78E-01	5.37E-01	9.04E-01	7.25E-01
TCGA-MP-A4SY	1.46E+00	5.35E-01	7.05E-01	1.14E+00	1.73E+00
TCGA-MP-A4T4	2.38E+00	1.30E+00	9.14E-01	1.18E+00	1.79E+00
TCGA-MP-A4T6	4.41E-01	1.45E-01	5.94E-01	9.34E-01	8.63E-01
TCGA-MP-A4T7	1.15E+00	7.55E-01	4.19E-01	7.46E-01	7.83E-01
TCGA-MP-A4T8	9.48E-01	5.59E-01	4.89E-01	9.76E-01	1.21E+00
TCGA-MP-A4T9	6.38E-01	2.89E-01	3.94E-01	4.81E-01	6.06E-01
TCGA-MP-A4TA	2.43E+00	1.08E+00	9.28E-01	1.73E+00	2.83E+00
TCGA-MP-A4TC	1.92E+00	1.15E+00	6.79E-01	9.66E-01	1.47E+00
TCGA-MP-A4TD	9.37E-01	4.44E-01	3.23E-01	8.03E-01	8.97E-01
TCGA-MP-A4TE	1.37E+00	6.28E-01	2.72E-01	1.27E+00	1.23E+00
TCGA-MP-A4TF	2.20E+00	1.23E+00	8.86E-01	1.28E+00	1.85E+00
TCGA-MP-A4TH	1.01E+00	2.88E-01	2.86E-01	9.23E-01	1.10E+00
TCGA-MP-A4TI	1.28E+00	7.01E-01	1.67E+00	1.11E+00	1.62E+00
TCGA-MP-A4TJ	9.85E-01	4.49E-01	2.99E-01	1.10E+00	1.09E+00
TCGA-MP-A4TK	1.77E+00	1.18E+00	1.07E+00	1.00E+00	1.50E+00
TCGA-MP-A5C7	7.27E-01	3.59E-01	2.88E-01	8.94E-01	9.39E-01
TCGA-NJ-A4YF	2.87E+00	1.83E+00	9.48E-01	1.33E+00	2.18E+00
TCGA-NJ-A4YG	1.29E+00	6.13E-01	7.95E-01	1.10E+00	1.16E+00
TCGA-NJ-A4YI	2.40E+00	1.31E+00	7.96E-01	1.58E+00	1.95E+00
TCGA-NJ-A4YP	1.61E+00	9.00E-01	3.69E+00	8.09E-01	3.65E+00
TCGA-NJ-A4YQ	4.64E+00	2.26E+00	1.14E+00	1.88E+00	4.52E+00
TCGA-NJ-A55A	1.26E+00	6.06E-01	4.11E-01	7.75E-01	1.14E+00
TCGA-NJ-A55O	9.31E-01	6.68E-01	4.27E-01	6.14E-01	4.36E-01
TCGA-NJ-A55R	1.60E+00	8.96E-01	6.39E-01	1.22E+00	1.74E+00
TCGA-NJ-A7XG	5.50E-01	1.68E-01	1.28E-01	5.78E-01	3.84E-01
TCGA-O1-A52J	1.45E+00	7.44E-01	5.75E-01	9.05E-01	1.43E+00
TCGA-S2-AA1A	1.02E+00	7.29E-01	3.58E-01	7.80E-01	5.35E-01
