Samples	SBS1	SBS2	SBS3	SBS4	SBS5	SBS9	SBS13	SBS42
TCGA-05-4244-01A-01D-1105-08	11	0	57	130	57	0	0	0
TCGA-05-4249-01A-01D-1105-08	10	0	0	213	149	0	0	0
TCGA-05-4250-01A-01D-1105-08	5	31	0	219	145	0	25	0
TCGA-05-4382-01A-01D-1931-08	16	116	0	1591	238	0	112	0
TCGA-05-4384-01A-01D-1753-08	2	0	0	77	83	0	0	0
TCGA-05-4389-01A-01D-1265-08	24	52	160	0	18	0	38	0
TCGA-05-4390-01A-02D-1753-08	7	0	0	489	182	0	0	0
TCGA-05-4395-01A-01D-1265-08	6	52	0	124	103	0	55	0
TCGA-05-4396-01A-21D-1855-08	4	0	0	175	144	0	0	0
TCGA-05-4397-01A-01D-1265-08	0	79	0	488	331	0	102	0
TCGA-05-4398-01A-01D-1265-08	20	61	0	520	248	0	54	0
TCGA-05-4402-01A-01D-1265-08	0	44	0	0	50	0	60	0
TCGA-05-4403-01A-01D-1265-08	16	0	0	51	96	0	0	0
TCGA-05-4405-01A-21D-1855-08	11	0	0	282	181	0	0	0
TCGA-05-4410-01A-21D-1855-08	6	83	0	837	313	0	80	0
TCGA-05-4415-01A-22D-1855-08	0	0	0	157	89	0	0	0
TCGA-05-4417-01A-22D-1855-08	5	0	0	233	109	0	0	0
TCGA-05-4418-01A-01D-1265-08	0	0	0	168	161	0	0	0
TCGA-05-4420-01A-01D-1265-08	0	0	0	210	150	0	0	0
TCGA-05-4422-01A-01D-1265-08	4	14	0	0	27	0	7	0
TCGA-05-4424-01A-22D-1855-08	14	54	0	576	166	0	73	0
TCGA-05-4425-01A-01D-1753-08	28	0	0	0	24	0	0	0
TCGA-05-4426-01A-01D-1265-08	12	0	17	0	26	0	0	0
TCGA-05-4427-01A-21D-1855-08	0	0	0	775	444	0	0	0
TCGA-05-4430-01A-02D-1265-08	0	0	0	217	117	0	0	0
TCGA-05-4432-01A-01D-1265-08	0	0	0	431	307	0	0	0
TCGA-05-4433-01A-22D-1855-08	21	0	0	0	24	0	0	0
TCGA-05-4434-01A-01D-1265-08	3	0	0	0	55	0	0	0
TCGA-05-5420-01A-01D-1625-08	9	0	0	42	64	0	0	0
TCGA-05-5423-01A-01D-1625-08	15	11	0	109	51	0	0	0
TCGA-05-5425-01A-02D-1625-08	0	0	0	435	274	0	0	0
TCGA-05-5428-01A-01D-1625-08	10	88	0	242	73	0	56	0
TCGA-05-5429-01A-01D-1625-08	19	5	0	0	18	0	0	0
TCGA-05-5715-01A-01D-1625-08	16	37	0	0	42	0	54	0
TCGA-35-3615-01A-01D-1040-01	7	30	0	56	31	0	17	0
TCGA-35-4122-01A-01D-1105-08	0	0	0	136	266	0	0	0
TCGA-35-4123-01A-01D-1105-08	3	0	0	245	113	0	0	0
TCGA-35-5375-01A-01D-1625-08	14	22	140	189	122	0	24	0
TCGA-38-4625-01A-01D-1553-08	9	76	0	505	97	0	60	0
TCGA-38-4626-01A-01D-1553-08	0	0	0	243	75	0	0	0
TCGA-38-4627-01A-01D-1553-08	6	0	0	0	19	0	0	10
TCGA-38-4628-01A-01D-1265-08	18	0	85	0	43	0	0	0
TCGA-38-4629-01A-02D-1265-08	6	27	0	143	148	0	16	0
TCGA-38-4630-01A-01D-1265-08	19	36	0	0	68	0	36	0
TCGA-38-4631-01A-01D-1753-08	1	0	0	655	258	0	0	0
TCGA-38-4632-01A-01D-1753-08	0	0	0	366	272	0	0	0
TCGA-38-6178-01A-11D-1753-08	10	12	68	0	0	0	0	0
TCGA-38-7271-01A-11D-2036-08	1	14	0	45	22	0	32	0
TCGA-38-A44F-01A-11D-A24D-08	4	0	0	0	14	0	0	0
TCGA-44-2655-01A-01D-1553-08	0	0	0	169	53	0	0	0
TCGA-44-2656-01A-41D-A27T-08	12	0	0	754	274	0	0	0
TCGA-44-2657-01A-01D-1105-08	15	25	0	340	111	0	26	0
TCGA-44-2659-01A-01D-0969-08	21	0	0	387	88	0	0	0
TCGA-44-2661-01A-01D-1105-08	0	0	0	0	50	0	0	0
TCGA-44-2662-01A-01D-A271-08	6	70	85	0	16	0	86	0
TCGA-44-2665-01A-01D-A271-08	10	13	0	0	31	0	6	0
TCGA-44-2666-01A-41D-A27T-08	7	5	0	0	13	0	4	13
TCGA-44-2668-01A-01D-A271-08	2	42	0	271	82	0	34	0
TCGA-44-3396-01A-01D-1553-08	21	53	0	61	61	0	48	0
TCGA-44-3398-01A-01D-1105-08	5	34	0	101	71	0	36	0
TCGA-44-3918-01A-01D-A271-08	0	0	0	869	283	0	0	0
TCGA-44-3919-01A-02D-1458-08	0	6	0	0	48	0	15	0
TCGA-44-4112-01A-31D-A27T-08	17	52	0	354	101	0	63	0
TCGA-44-5643-01A-01D-1625-08	10	14	0	0	120	0	13	0
TCGA-44-5644-01A-21D-2036-08	13	0	0	802	333	0	0	0
TCGA-44-5645-01A-51D-A27T-08	6	0	0	0	38	0	0	0
TCGA-44-6144-01A-11D-1753-08	5	0	0	154	121	0	0	0
TCGA-44-6145-01A-11D-1753-08	2	0	0	294	85	0	0	0
TCGA-44-6146-01A-31D-A27T-08	10	0	0	0	37	0	0	0
TCGA-44-6147-01A-31D-A27T-08	4	0	0	101	48	0	0	0
TCGA-44-6148-01A-11D-1753-08	0	0	0	0	8	0	0	0
TCGA-44-6774-01A-21D-1855-08	0	0	0	278	83	0	0	0
TCGA-44-6775-01A-31D-A27T-08	0	0	0	0	84	0	0	0
TCGA-44-6776-01A-11D-1855-08	0	0	0	144	92	0	0	0
TCGA-44-6777-01A-11D-1855-08	8	59	0	212	143	0	45	0
TCGA-44-6778-01A-11D-1855-08	0	0	0	286	188	0	0	0
TCGA-44-6779-01A-11D-1855-08	18	9	0	48	45	0	0	0
TCGA-44-7659-01A-11D-2063-08	0	0	0	105	74	0	0	0
TCGA-44-7660-01A-11D-2063-08	0	0	0	175	244	0	37	0
TCGA-44-7661-01A-11D-2063-08	1	24	0	167	93	0	49	0
TCGA-44-7662-01A-11D-2063-08	0	39	0	407	210	0	48	0
TCGA-44-7667-01A-31D-2063-08	21	0	0	357	187	0	0	0
TCGA-44-7669-01A-21D-2063-08	0	0	0	310	241	0	0	0
TCGA-44-7670-01A-11D-2063-08	6	82	0	868	245	0	109	0
TCGA-44-7671-01A-11D-2063-08	0	0	0	130	154	0	0	0
TCGA-44-7672-01A-11D-2063-08	0	0	0	113	79	0	0	0
TCGA-44-8117-01A-11D-2238-08	14	0	0	670	229	0	0	0
TCGA-44-8119-01A-11D-2238-08	17	0	0	458	284	0	0	0
TCGA-44-8120-01A-11D-2238-08	3	0	0	525	203	0	0	0
TCGA-44-A479-01A-31D-A24D-08	3	0	0	265	100	0	0	0
TCGA-44-A47A-01A-21D-A24D-08	12	32	0	55	98	0	70	0
TCGA-44-A47B-01A-11D-A24D-08	11	0	0	0	49	0	0	0
TCGA-44-A47G-01A-21D-A24D-08	10	11	52	0	15	0	10	0
TCGA-44-A4SS-01A-11D-A24P-08	0	26	0	302	213	0	46	0
TCGA-44-A4SU-01A-11D-A24P-08	3	0	0	70	111	0	0	0
TCGA-49-4486-01A-01D-1265-08	0	52	0	0	81	0	78	0
TCGA-49-4487-01A-21D-1855-08	5	26	125	197	38	0	39	0
TCGA-49-4488-01A-01D-1753-08	2	24	0	257	63	0	15	0
TCGA-49-4490-01A-21D-1855-08	7	8	0	0	42	0	8	0
TCGA-49-4494-01A-01D-1265-08	13	0	65	111	41	0	0	0
TCGA-49-4501-01A-01D-1265-08	21	13	0	0	38	0	0	0
TCGA-49-4505-01A-01D-1931-08	19	0	0	154	97	0	0	0
TCGA-49-4506-01A-01D-1265-08	1	0	0	65	73	0	0	0
TCGA-49-4507-01A-01D-1265-08	15	29	0	93	84	0	24	0
TCGA-49-4510-01A-01D-1265-08	0	0	0	21	43	0	0	0
TCGA-49-4512-01A-21D-1855-08	11	0	0	0	44	0	0	0
TCGA-49-4514-01A-21D-1855-08	8	59	0	154	126	0	59	0
TCGA-49-6742-01A-11D-1855-08	8	89	0	0	94	84	72	0
TCGA-49-6743-01A-11D-1855-08	2	122	0	388	309	0	115	0
TCGA-49-6744-01A-11D-1855-08	0	0	0	191	86	0	0	0
TCGA-49-6745-01A-11D-1855-08	18	49	0	0	52	0	48	0
TCGA-49-6761-01A-31D-1945-08	8	51	0	68	75	0	40	0
TCGA-49-6767-01A-11D-1855-08	1	0	0	399	183	0	0	0
TCGA-49-AAQV-01A-11D-A397-08	3	17	0	0	39	0	27	0
TCGA-49-AAR0-01A-21D-A397-08	4	0	0	74	97	0	0	0
TCGA-49-AAR2-01A-11D-A397-08	5	0	0	363	114	0	0	0
TCGA-49-AAR3-01A-11D-A410-08	4	0	0	71	95	0	0	0
TCGA-49-AAR4-01A-12D-A410-08	0	60	0	409	171	0	62	0
TCGA-49-AAR9-01A-21D-A410-08	7	0	0	563	221	0	0	0
TCGA-49-AARE-01A-11D-A410-08	0	0	0	1169	475	0	0	0
TCGA-49-AARN-01A-21D-A410-08	0	136	0	256	0	524	0	0
TCGA-49-AARO-01A-12D-A410-08	0	0	0	619	108	0	0	0
TCGA-49-AARQ-01A-11D-A410-08	5	52	0	602	160	0	54	0
TCGA-49-AARR-01A-11D-A410-08	1	0	0	0	2	0	0	0
TCGA-4B-A93V-01A-11D-A397-08	3	0	0	86	76	0	0	0
TCGA-50-5044-01A-21D-1855-08	2	54	0	0	41	0	73	0
TCGA-50-5045-01A-01D-1625-08	0	0	0	308	58	0	0	0
TCGA-50-5049-01A-01D-1625-08	0	0	231	636	129	0	0	0
TCGA-50-5051-01A-21D-1855-08	7	0	0	78	54	0	0	0
TCGA-50-5055-01A-01D-1625-08	7	0	0	0	15	0	0	0
TCGA-50-5066-01A-01D-1625-08	0	0	114	139	84	0	0	0
TCGA-50-5068-01A-01D-1625-08	8	0	0	36	72	0	0	0
TCGA-50-5072-01A-21D-1855-08	3	17	0	109	56	0	8	0
TCGA-50-5930-01A-11D-1753-08	0	0	0	1073	259	0	0	0
TCGA-50-5931-01A-11D-1753-08	1	0	0	217	152	0	0	0
TCGA-50-5932-01A-11D-1753-08	1	0	0	60	26	0	0	0
TCGA-50-5933-01A-11D-1753-08	10	0	0	344	262	0	0	0
TCGA-50-5935-01A-11D-1753-08	4	31	0	0	58	0	29	0
TCGA-50-5936-01A-11D-1625-08	3	37	0	0	71	0	33	0
TCGA-50-5939-01A-11D-1625-08	6	18	35	0	36	0	7	0
TCGA-50-5941-01A-11D-1753-08	0	0	0	276	202	0	0	0
TCGA-50-5942-01A-21D-1753-08	5	0	0	25	41	0	0	0
TCGA-50-5944-01A-11D-1753-08	17	5	0	0	25	0	10	25
TCGA-50-5946-01A-11D-1753-08	11	71	0	418	206	0	93	0
TCGA-50-6590-01A-12D-1855-08	0	93	0	591	244	0	134	0
TCGA-50-6591-01A-11D-1753-08	5	0	0	0	61	0	0	0
TCGA-50-6592-01A-11D-1753-08	0	32	0	121	160	0	37	0
TCGA-50-6593-01A-11D-1753-08	0	0	0	235	149	0	0	0
TCGA-50-6594-01A-11D-1753-08	0	0	0	438	188	0	0	0
TCGA-50-6595-01A-12D-1855-08	0	18	0	0	87	0	13	0
TCGA-50-6597-01A-11D-1855-08	11	18	0	0	42	0	5	0
TCGA-50-6673-01A-11D-1945-08	10	0	0	0	52	0	0	0
TCGA-50-7109-01A-11D-2036-08	6	0	0	164	133	0	0	0
TCGA-50-8457-01A-11D-2323-08	5	0	45	0	17	0	0	0
TCGA-50-8459-01A-11D-2323-08	9	0	0	61	44	0	0	0
TCGA-50-8460-01A-11D-2323-08	4	0	0	0	32	0	0	0
TCGA-53-7624-01A-11D-2063-08	0	83	0	547	275	0	87	0
TCGA-53-7626-01A-12D-2063-08	0	14	0	304	86	0	36	0
TCGA-53-7813-01A-11D-2167-08	5	0	0	105	71	0	0	0
TCGA-53-A4EZ-01A-12D-A24P-08	3	0	0	434	213	0	0	0
TCGA-55-1592-01A-01D-0969-08	0	0	0	266	412	0	0	0
TCGA-55-1594-01A-01D-1040-01	8	37	0	47	89	0	45	0
TCGA-55-1595-01A-01D-0969-08	11	0	94	229	66	0	0	0
TCGA-55-1596-01A-01D-1040-01	0	0	0	88	139	0	0	0
TCGA-55-5899-01A-11D-1625-08	3	67	0	299	118	0	54	0
TCGA-55-6543-01A-11D-1753-08	8	0	0	0	17	0	0	0
TCGA-55-6642-01A-11D-1855-08	3	0	0	97	51	0	0	0
TCGA-55-6712-01A-11D-1855-08	16	44	74	0	0	0	58	0
TCGA-55-6968-01A-11D-1945-08	6	207	0	116	71	0	246	0
TCGA-55-6969-01A-11D-1945-08	0	0	181	223	98	0	0	0
TCGA-55-6970-01A-11D-1945-08	0	0	0	116	91	0	0	0
TCGA-55-6971-01A-11D-1945-08	0	0	0	45	61	0	0	0
TCGA-55-6972-01A-11D-1945-08	0	99	0	100	90	0	46	0
TCGA-55-6975-01A-11D-1945-08	7	0	0	36	53	0	0	0
TCGA-55-6978-01A-11D-1945-08	9	0	25	0	0	0	0	0
TCGA-55-6979-01A-11D-1945-08	2	12	112	0	0	0	41	0
TCGA-55-6980-01A-11D-1945-08	3	0	0	0	5	0	0	7
TCGA-55-6981-01A-11D-1945-08	11	0	0	0	49	0	0	0
TCGA-55-6982-01A-11D-1945-08	6	105	0	0	53	0	119	0
TCGA-55-6983-01A-11D-1945-08	4	0	0	58	70	0	0	0
TCGA-55-6984-01A-11D-1945-08	0	0	0	0	27	0	0	0
TCGA-55-6985-01A-11D-1945-08	0	0	0	373	201	0	0	0
TCGA-55-6986-01A-11D-1945-08	2	0	0	0	14	0	0	9
TCGA-55-6987-01A-11D-1945-08	2	34	0	84	79	0	53	0
TCGA-55-7227-01A-11D-2036-08	9	0	0	110	83	0	0	0
TCGA-55-7281-01A-11D-2036-08	0	0	0	321	227	0	0	0
TCGA-55-7283-01A-11D-2036-08	38	32	118	70	0	0	29	0
TCGA-55-7284-01B-11D-2238-08	21	0	0	0	36	0	0	0
TCGA-55-7570-01A-11D-2036-08	0	28	0	174	168	0	79	0
TCGA-55-7573-01A-11D-2036-08	0	6	0	20	37	0	0	0
TCGA-55-7574-01A-11D-2036-08	0	57	0	69	103	0	91	0
TCGA-55-7576-01A-11D-2063-08	24	0	117	233	114	0	0	0
TCGA-55-7724-01A-11D-2167-08	9	18	0	56	173	0	21	0
TCGA-55-7725-01A-11D-2167-08	2	0	0	93	58	0	0	0
TCGA-55-7726-01A-11D-2167-08	18	31	0	0	38	0	53	0
TCGA-55-7727-01A-11D-2167-08	7	63	0	108	87	0	44	0
TCGA-55-7728-01A-11D-2184-08	11	0	0	72	36	0	0	0
TCGA-55-7815-01A-11D-2167-08	13	0	0	103	62	0	0	0
TCGA-55-7816-01A-11D-2167-08	1	0	0	0	1	0	0	0
TCGA-55-7903-01A-11D-2167-08	15	15	0	72	73	0	11	0
TCGA-55-7907-01A-11D-2167-08	11	108	0	913	249	0	141	0
TCGA-55-7910-01A-11D-2167-08	13	0	0	238	112	0	0	0
TCGA-55-7911-01A-11D-2167-08	0	0	0	143	130	0	0	0
TCGA-55-7913-01B-11D-2238-08	13	22	0	246	118	0	26	0
TCGA-55-7914-01A-11D-2167-08	13	0	0	97	99	0	0	0
TCGA-55-7994-01A-11D-2184-08	0	0	0	1259	595	0	0	0
TCGA-55-7995-01A-11D-2184-08	4	62	217	346	135	0	44	0
TCGA-55-8085-01A-11D-2238-08	15	63	0	108	79	0	59	0
TCGA-55-8087-01A-11D-2238-08	6	4	0	0	24	0	2	0
TCGA-55-8089-01A-11D-2238-08	6	222	0	755	314	0	227	0
TCGA-55-8090-01A-11D-2238-08	1	0	0	50	59	0	0	0
TCGA-55-8091-01A-11D-2238-08	14	0	14	0	7	0	0	0
TCGA-55-8092-01A-11D-2238-08	28	108	0	337	197	0	45	0
TCGA-55-8094-01A-11D-2238-08	4	0	0	378	168	0	0	0
TCGA-55-8096-01A-11D-2238-08	17	0	89	73	0	0	0	0
TCGA-55-8097-01A-11D-2238-08	23	0	0	59	55	0	0	0
TCGA-55-8203-01A-11D-2238-08	21	0	0	370	127	0	0	0
TCGA-55-8204-01A-11D-2238-08	2	40	0	55	121	0	45	0
TCGA-55-8205-01A-11D-2238-08	0	83	0	256	170	0	130	0
TCGA-55-8206-01A-11D-2238-08	7	6	0	0	17	0	0	7
TCGA-55-8207-01A-11D-2238-08	13	0	0	236	131	0	0	0
TCGA-55-8208-01A-11D-2238-08	0	94	0	80	162	0	106	0
TCGA-55-8299-01A-11D-2284-08	0	0	0	159	109	0	0	0
TCGA-55-8301-01A-11D-2284-08	3	0	0	185	144	0	24	0
TCGA-55-8302-01A-11D-2323-08	0	0	0	573	253	0	0	0
TCGA-55-8505-01A-11D-2393-08	8	7	15	0	9	0	7	0
TCGA-55-8506-01A-11D-2393-08	326	0	0	1050	696	0	0	0
TCGA-55-8507-01A-11D-2393-08	0	0	0	814	372	0	0	0
TCGA-55-8508-01A-11D-2393-08	12	0	0	126	83	0	0	0
TCGA-55-8510-01A-11D-2393-08	0	0	0	257	122	0	0	0
TCGA-55-8511-01A-11D-2393-08	11	58	0	416	181	0	29	0
TCGA-55-8512-01A-11D-2393-08	0	0	0	18	30	0	0	0
TCGA-55-8513-01A-11D-2393-08	5	0	0	0	3	0	0	0
TCGA-55-8514-01A-11D-2393-08	15	0	0	226	106	0	0	0
TCGA-55-8614-01A-11D-2393-08	18	11	0	67	177	0	21	0
TCGA-55-8615-01A-11D-2393-08	3	0	0	65	89	0	0	0
TCGA-55-8616-01A-11D-2393-08	19	0	0	447	125	0	0	0
TCGA-55-8619-01A-11D-2393-08	19	0	0	0	8	0	0	0
TCGA-55-8620-01A-11D-2393-08	13	0	0	352	236	0	0	0
TCGA-55-8621-01A-11D-2393-08	0	0	0	38	51	0	0	0
TCGA-55-A48X-01A-11D-A24D-08	0	0	0	321	155	0	0	0
TCGA-55-A48Y-01A-11D-A24D-08	20	190	0	0	56	0	173	0
TCGA-55-A48Z-01A-12D-A24P-08	5	0	0	0	61	0	0	0
TCGA-55-A490-01A-11D-A24D-08	0	0	0	1203	408	0	0	0
TCGA-55-A491-01A-11D-A24D-08	0	0	0	276	184	0	0	0
TCGA-55-A492-01A-11D-A24D-08	5	0	0	192	149	0	0	0
TCGA-55-A493-01A-11D-A24D-08	9	55	0	153	84	0	35	0
TCGA-55-A494-01A-11D-A24P-08	29	0	0	162	95	0	0	0
TCGA-55-A4DF-01A-11D-A24D-08	4	299	0	0	327	0	339	0
TCGA-55-A4DG-01A-11D-A24D-08	3	0	0	618	210	0	0	0
TCGA-55-A57B-01A-12D-A397-08	8	6	0	0	34	0	0	0
TCGA-62-8394-01A-11D-2323-08	15	18	101	0	7	0	31	0
TCGA-62-8395-01A-11D-2323-08	10	0	0	0	75	0	0	0
TCGA-62-8397-01A-11D-2323-08	6	0	13	0	13	0	0	0
TCGA-62-8398-01A-11D-2323-08	15	10	0	53	0	0	0	24
TCGA-62-8399-01A-21D-2323-08	25	101	0	245	121	0	149	0
TCGA-62-8402-01A-11D-2323-08	13	0	27	0	28	0	0	0
TCGA-62-A46O-01A-11D-A24D-08	11	79	0	633	262	0	82	0
TCGA-62-A46P-01A-11D-A24D-08	16	0	0	251	78	0	0	0
TCGA-62-A46R-01A-11D-A24D-08	16	24	0	88	71	0	8	0
TCGA-62-A46S-01A-11D-A24D-08	15	12	0	72	54	0	0	0
TCGA-62-A46U-01A-11D-A24D-08	11	0	25	0	16	0	0	0
TCGA-62-A46V-01A-11D-A24D-08	17	7	34	0	11	0	0	0
TCGA-62-A46Y-01A-11D-A24D-08	13	0	20	0	6	0	0	0
TCGA-62-A470-01A-11D-A24D-08	16	0	0	49	79	0	0	0
TCGA-62-A471-01A-12D-A24D-08	4	38	0	0	70	0	32	0
TCGA-62-A472-01A-11D-A24D-08	5	6	46	0	13	0	0	0
TCGA-64-1676-01A-01D-0969-08	12	0	0	536	171	0	0	0
TCGA-64-1679-01A-21D-2063-08	0	0	0	420	179	0	0	0
TCGA-64-1680-01A-02D-0969-08	13	13	0	0	34	0	16	0
TCGA-64-1681-01A-11D-2063-08	2	14	0	0	24	48	18	0
TCGA-64-5774-01A-01D-1625-08	10	0	0	111	50	0	0	0
TCGA-64-5775-01A-01D-1625-08	10	0	0	412	156	0	0	0
TCGA-64-5778-01A-01D-1625-08	2	0	0	384	183	0	0	0
TCGA-64-5779-01A-01D-1625-08	12	0	0	310	110	0	0	0
TCGA-64-5781-01A-01D-1625-08	0	99	0	879	335	0	69	0
TCGA-64-5815-01A-01D-1625-08	10	0	0	127	71	0	0	0
TCGA-67-3770-01A-01D-0969-08	2	0	0	153	105	0	0	0
TCGA-67-3771-01A-01D-1040-01	0	165	0	511	418	0	204	0
TCGA-67-3773-01A-01D-1040-01	5	0	0	68	50	0	0	0
TCGA-67-3774-01A-01D-1040-01	0	0	0	58	87	0	0	0
TCGA-67-4679-01B-01D-1753-08	1	0	0	216	126	0	0	0
TCGA-67-6215-01A-11D-1753-08	0	0	0	0	0	137	0	0
TCGA-67-6216-01A-11D-1753-08	3	5	0	0	28	0	7	0
TCGA-67-6217-01A-11D-1753-08	5	0	0	125	98	0	0	0
TCGA-69-7760-01A-11D-2167-08	9	0	0	0	76	0	0	0
TCGA-69-7761-01A-11D-2167-08	4	0	0	0	20	0	0	12
TCGA-69-7763-01A-11D-2167-08	15	0	0	28	56	0	0	0
TCGA-69-7764-01A-11D-2167-08	3	0	0	29	82	0	0	0
TCGA-69-7765-01A-11D-2167-08	0	45	0	493	172	0	33	0
TCGA-69-7973-01A-11D-2184-08	13	0	0	221	69	0	0	0
TCGA-69-7974-01A-11D-2184-08	5	0	0	385	238	0	0	0
TCGA-69-7978-01A-11D-2184-08	11	85	0	365	163	0	136	0
TCGA-69-7979-01A-11D-2184-08	6	0	0	1376	382	0	0	0
TCGA-69-7980-01A-11D-2184-08	0	68	0	496	255	0	135	0
TCGA-69-8253-01A-11D-2284-08	6	20	0	110	51	0	14	0
TCGA-69-8254-01A-11D-2284-08	16	0	60	0	19	0	0	0
TCGA-69-8255-01A-11D-2284-08	6	28	0	137	162	0	20	0
TCGA-69-A59K-01A-11D-A25L-08	33	31	0	450	85	0	24	0
TCGA-71-6725-01A-11D-1855-08	22	0	0	0	49	0	0	0
TCGA-71-8520-01A-11D-2393-08	18	9	0	0	42	0	13	21
TCGA-73-4658-01A-01D-1753-08	11	94	0	154	112	0	69	0
TCGA-73-4659-01A-01D-1265-08	4	0	0	143	107	0	0	0
TCGA-73-4662-01A-01D-1265-08	3	0	0	148	109	0	0	0
TCGA-73-4666-01A-01D-1265-08	5	0	0	297	155	0	0	0
TCGA-73-4668-01A-01D-1265-08	0	0	0	402	210	0	0	0
TCGA-73-4670-01A-01D-1265-08	0	0	0	231	192	0	0	0
TCGA-73-4675-01A-01D-1265-08	3	0	0	0	81	0	0	0
TCGA-73-4676-01A-01D-1753-08	4	0	0	0	107	0	0	0
TCGA-73-4677-01A-01D-1265-08	8	0	86	142	64	0	0	0
TCGA-73-7498-01A-12D-2184-08	6	0	0	64	64	0	0	0
TCGA-73-7499-01A-11D-2184-08	9	5	0	0	53	0	15	0
TCGA-73-A9RS-01A-11D-A410-08	0	0	0	879	274	0	0	0
TCGA-75-5122-01A-01D-1753-08	13	15	0	46	73	0	18	0
TCGA-75-5125-01A-01D-1753-08	5	18	0	55	104	0	26	0
TCGA-75-5126-01A-01D-1753-08	2	96	0	386	176	0	111	0
TCGA-75-5146-01A-01D-1625-08	0	0	0	167	66	0	0	0
TCGA-75-5147-01A-01D-1625-08	11	4	0	0	21	0	9	0
TCGA-75-6203-01A-11D-1753-08	6	0	0	0	13	0	0	0
TCGA-75-6205-01A-11D-1753-08	2	7	0	0	47	0	3	0
TCGA-75-6206-01A-11D-1753-08	0	5	0	32	32	0	14	22
TCGA-75-6207-01A-11D-1753-08	7	5	0	0	59	0	12	0
TCGA-75-6211-01A-11D-1753-08	1	0	0	271	167	0	0	0
TCGA-75-6212-01A-11D-1753-08	5	3	0	0	2	0	0	11
TCGA-75-6214-01A-41D-1945-08	2	96	0	414	255	0	106	0
TCGA-75-7025-01A-12D-1945-08	10	7	0	0	21	0	0	0
TCGA-75-7027-01A-11D-1945-08	1	0	0	183	111	0	0	0
TCGA-75-7030-01A-11D-1945-08	6	0	0	0	9	0	0	3
TCGA-75-7031-01A-11D-1945-08	9	0	0	99	126	0	23	0
TCGA-78-7145-01A-11D-2036-08	5	0	0	122	95	0	0	0
TCGA-78-7146-01A-11D-2036-08	18	60	0	206	103	0	65	0
TCGA-78-7147-01A-11D-2036-08	15	33	130	133	87	0	19	0
TCGA-78-7148-01A-11D-2036-08	3	0	0	131	135	0	0	0
TCGA-78-7149-01A-11D-2036-08	0	49	0	0	95	0	54	0
TCGA-78-7150-01A-21D-2036-08	5	81	0	130	204	0	81	0
TCGA-78-7152-01A-11D-2036-08	1	41	0	66	87	0	52	0
TCGA-78-7153-01A-11D-2036-08	14	12	0	0	108	0	17	0
TCGA-78-7154-01A-11D-2036-08	21	63	0	0	168	0	64	0
TCGA-78-7155-01A-11D-2036-08	0	0	0	1199	591	0	0	0
TCGA-78-7156-01A-11D-2036-08	9	90	0	132	105	0	71	0
TCGA-78-7158-01A-11D-2036-08	6	31	0	142	81	0	19	0
TCGA-78-7159-01A-11D-2036-08	13	0	0	261	103	0	0	0
TCGA-78-7160-01A-11D-2036-08	4	0	45	0	7	0	0	0
TCGA-78-7161-01A-11D-2036-08	9	0	0	132	91	0	0	0
TCGA-78-7162-01A-21D-2063-08	1	10	0	28	52	0	9	0
TCGA-78-7163-01A-12D-2063-08	4	0	0	0	22	0	0	0
TCGA-78-7166-01A-12D-2063-08	0	0	0	192	81	0	0	0
TCGA-78-7167-01A-11D-2063-08	13	18	0	50	44	0	21	0
TCGA-78-7220-01A-11D-2036-08	0	78	0	586	307	0	56	0
TCGA-78-7535-01A-11D-2063-08	0	0	0	103	112	0	0	0
TCGA-78-7536-01A-11D-2063-08	16	0	190	411	110	0	0	0
TCGA-78-7537-01A-11D-2063-08	0	14	0	81	68	0	0	0
TCGA-78-7539-01A-11D-2063-08	8	121	0	0	252	0	220	0
TCGA-78-7540-01A-11D-2063-08	15	0	0	0	21	0	0	0
TCGA-78-7542-01A-21D-2063-08	11	34	0	321	95	0	0	0
TCGA-78-7633-01A-11D-2063-08	3	0	0	81	49	0	0	0
TCGA-78-8640-01A-11D-2393-08	10	64	0	421	318	0	83	0
TCGA-78-8648-01A-11D-2393-08	1	0	0	10	5	0	0	0
TCGA-78-8655-01A-11D-2393-08	11	0	0	66	50	0	0	0
TCGA-78-8660-01A-11D-2393-08	0	26	0	117	134	0	24	0
TCGA-78-8662-01A-11D-2393-08	0	0	0	886	513	0	0	0
TCGA-80-5607-01A-31D-1945-08	2	66	0	0	26	0	62	0
TCGA-80-5608-01A-31D-1945-08	15	0	71	99	10	0	0	0
TCGA-80-5611-01A-01D-1625-08	0	0	0	68	171	0	0	0
TCGA-83-5908-01A-21D-2284-08	8	39	0	120	54	0	71	0
TCGA-86-6562-01A-11D-1753-08	10	9	29	0	8	0	16	0
TCGA-86-6851-01A-11D-1945-08	0	36	0	669	254	0	112	0
TCGA-86-7701-01A-11D-2167-08	6	0	0	138	103	0	0	0
TCGA-86-7711-01A-11D-2063-08	6	26	0	92	108	0	33	0
TCGA-86-7713-01A-11D-2063-08	1	0	0	100	83	0	0	0
TCGA-86-7714-01A-12D-2167-08	1	0	0	29	59	0	0	0
TCGA-86-7953-01A-11D-2184-08	2	0	0	0	62	0	0	0
TCGA-86-7954-01A-11D-2184-08	14	24	0	98	123	0	26	0
TCGA-86-7955-01A-11D-2184-08	0	0	0	171	193	0	0	0
TCGA-86-8054-01A-11D-2238-08	4	0	0	146	113	0	0	0
TCGA-86-8055-01A-11D-2238-08	13	0	23	0	26	0	0	0
TCGA-86-8056-01A-11D-2238-08	10	94	0	72	83	0	77	0
TCGA-86-8073-01A-11D-2238-08	0	0	0	1388	437	0	0	0
TCGA-86-8074-01A-11D-2238-08	6	0	55	0	17	0	0	0
TCGA-86-8075-01A-11D-2238-08	12	0	21	0	29	0	0	0
TCGA-86-8076-01A-31D-2238-08	15	10	42	0	1	0	14	0
TCGA-86-8278-01A-11D-2284-08	11	55	0	0	24	0	53	0
TCGA-86-8279-01A-11D-2284-08	5	0	0	436	179	0	0	0
TCGA-86-8280-01A-11D-2284-08	2	0	0	0	52	0	0	0
TCGA-86-8281-01A-11D-2284-08	11	15	0	182	98	0	27	0
TCGA-86-8358-01A-11D-2323-08	15	0	0	892	432	0	0	0
TCGA-86-8359-01A-11D-2323-08	5	0	0	117	75	0	0	0
TCGA-86-8585-01A-11D-2393-08	0	43	0	361	205	0	83	0
TCGA-86-8668-01A-11D-2393-08	16	0	20	0	8	0	0	0
TCGA-86-8669-01A-11D-2393-08	9	0	0	58	100	0	0	0
TCGA-86-8671-01A-11D-2393-08	7	6	0	0	25	0	9	0
TCGA-86-8672-01A-21D-2393-08	12	30	0	197	106	0	22	0
TCGA-86-8673-01A-11D-2393-08	0	28	148	278	114	0	20	0
TCGA-86-8674-01A-21D-2393-08	3	32	0	268	64	0	0	0
TCGA-86-A456-01A-11D-A24D-08	0	0	0	278	166	0	0	0
TCGA-86-A4JF-01A-11D-A24P-08	174	0	0	0	1438	0	0	0
TCGA-86-A4P7-01A-11D-A24P-08	9	11	29	0	17	0	17	0
TCGA-86-A4P8-01A-11D-A24P-08	0	0	2	0	0	0	0	0
TCGA-91-6828-01A-11D-1855-08	10	0	90	173	60	0	0	0
TCGA-91-6829-01A-21D-1855-08	0	0	0	426	362	0	0	0
TCGA-91-6830-01A-11D-1945-08	0	110	0	0	68	0	129	0
TCGA-91-6831-01A-11D-1855-08	0	0	0	140	189	0	0	0
TCGA-91-6835-01A-11D-1855-08	9	11	81	0	0	0	11	0
TCGA-91-6836-01A-21D-1855-08	2	0	0	350	208	0	0	0
TCGA-91-6840-01A-11D-1945-08	10	34	0	0	43	0	51	0
TCGA-91-6847-01A-11D-1945-08	22	8	34	0	29	0	10	0
TCGA-91-6848-01A-11D-1945-08	0	39	0	352	269	0	71	0
TCGA-91-6849-01A-11D-1945-08	2	0	44	55	33	0	0	0
TCGA-91-7771-01A-11D-2167-08	0	0	0	100	146	0	0	0
TCGA-91-8496-01A-11D-2393-08	5	0	0	0	35	0	0	0
TCGA-91-8497-01A-11D-2393-08	8	0	0	0	48	0	0	0
TCGA-91-8499-01A-11D-2393-08	10	50	0	147	118	0	51	0
TCGA-91-A4BC-01A-11D-A24D-08	13	0	0	372	169	0	0	0
TCGA-91-A4BD-01A-11D-A24D-08	9	5	0	0	0	0	0	13
TCGA-93-7347-01A-11D-2184-08	0	0	0	77	62	0	0	0
TCGA-93-7348-01A-21D-2036-08	16	16	0	46	17	0	8	26
TCGA-93-8067-01A-11D-2284-08	12	253	0	0	145	0	243	0
TCGA-93-A4JN-01A-11D-A24P-08	9	10	0	0	72	0	6	0
TCGA-93-A4JO-01A-21D-A24P-08	0	0	0	0	54	0	11	0
TCGA-93-A4JP-01A-11D-A24P-08	9	23	0	0	36	0	11	0
TCGA-93-A4JQ-01A-11D-A24P-08	0	21	0	0	79	0	45	0
TCGA-95-7039-01A-11D-1945-08	0	0	0	1030	484	0	0	0
TCGA-95-7043-01A-11D-1945-08	10	0	0	937	355	0	0	0
TCGA-95-7562-01A-11D-2238-08	13	0	0	360	81	0	0	0
TCGA-95-7567-01A-11D-2063-08	101	0	0	319	696	0	0	0
TCGA-95-7944-01A-11D-2184-08	4	110	0	0	60	0	129	0
TCGA-95-7947-01A-11D-2184-08	0	125	0	180	243	0	107	0
TCGA-95-7948-01A-11D-2184-08	10	75	0	0	20	0	77	0
TCGA-95-8039-01A-11D-2238-08	10	13	61	0	26	0	7	0
TCGA-95-8494-01A-11D-2323-08	18	42	0	0	42	0	30	0
TCGA-95-A4VK-01A-11D-A25L-08	13	0	0	201	97	0	0	0
TCGA-95-A4VN-01A-11D-A25L-08	0	0	0	395	181	0	0	0
TCGA-95-A4VP-01A-21D-A25L-08	3	0	0	86	70	0	0	0
TCGA-97-7546-01A-11D-2036-08	2	0	0	228	115	0	0	0
TCGA-97-7547-01A-11D-2036-08	9	24	0	93	57	0	38	0
TCGA-97-7552-01A-11D-2036-08	10	0	0	0	36	0	0	0
TCGA-97-7553-01A-21D-2036-08	11	0	32	0	8	0	0	0
TCGA-97-7554-01A-11D-2036-08	4	0	0	348	193	0	0	0
TCGA-97-7937-01A-11D-2167-08	17	0	0	364	169	0	0	0
TCGA-97-7938-01A-11D-2167-08	6	15	0	301	141	0	38	0
TCGA-97-7941-01A-11D-2184-08	8	11	0	55	36	0	8	0
TCGA-97-8171-01A-11D-2284-08	18	0	27	0	22	0	0	0
TCGA-97-8172-01A-11D-2284-08	20	0	0	194	112	0	0	0
TCGA-97-8174-01A-11D-2284-08	16	7	0	97	69	0	23	0
TCGA-97-8175-01A-11D-2284-08	2	0	0	0	37	0	0	0
TCGA-97-8176-01A-11D-2393-08	9	29	0	55	77	0	24	0
TCGA-97-8177-01A-11D-2284-08	4	6	0	0	37	0	0	0
TCGA-97-8179-01A-11D-2284-08	0	0	0	136	67	0	0	0
TCGA-97-8547-01A-11D-2393-08	11	11	0	0	40	0	7	0
TCGA-97-8552-01A-11D-2393-08	5	0	23	0	0	0	0	0
TCGA-97-A4LX-01A-11D-A24P-08	0	0	0	141	73	0	0	0
TCGA-97-A4M0-01A-11D-A24P-08	0	38	0	282	127	0	44	0
TCGA-97-A4M1-01A-11D-A24P-08	14	6	28	0	0	0	5	0
TCGA-97-A4M2-01A-12D-A24P-08	3	3	0	0	19	0	7	0
TCGA-97-A4M3-01A-11D-A24P-08	8	16	0	158	44	0	18	0
TCGA-97-A4M5-01A-11D-A24P-08	5	78	0	0	42	0	62	0
TCGA-97-A4M6-01A-11D-A24P-08	4	6	0	0	15	0	0	17
TCGA-97-A4M7-01A-11D-A24P-08	5	0	0	285	84	0	0	0
TCGA-99-7458-01A-11D-2036-08	0	0	0	363	206	0	0	0
TCGA-99-8025-01A-11D-2238-08	17	71	0	220	189	0	84	0
TCGA-99-8028-01A-11D-2238-08	0	0	0	399	136	0	0	0
TCGA-99-8032-01A-11D-2238-08	19	0	115	265	81	0	0	0
TCGA-99-8033-01A-11D-2238-08	4	0	0	106	111	0	0	0
TCGA-99-AA5R-01A-11D-A397-08	0	0	0	52	21	0	0	0
TCGA-J2-8192-01A-11D-2238-08	7	0	0	0	83	0	0	0
TCGA-J2-8194-01A-11D-2238-08	13	0	0	69	105	0	0	0
TCGA-J2-A4AD-01A-11D-A24D-08	14	61	193	0	37	0	108	0
TCGA-J2-A4AE-01A-21D-A24D-08	7	5	0	0	40	0	9	0
TCGA-J2-A4AG-01A-11D-A24D-08	14	0	0	56	41	0	0	0
TCGA-L4-A4E5-01A-11D-A24P-08	3	0	0	299	109	0	0	0
TCGA-L4-A4E6-01A-11D-A24D-08	1	2	0	12	0	0	5	0
TCGA-L9-A443-01A-12D-A24D-08	2	0	84	163	54	0	0	0
TCGA-L9-A444-01A-21D-A24D-08	0	0	0	509	181	0	0	0
TCGA-L9-A50W-01A-12D-A397-08	3	9	23	0	0	0	0	0
TCGA-L9-A5IP-01A-21D-A397-08	0	0	0	234	112	0	0	0
TCGA-L9-A743-01A-43D-A397-08	3	29	0	61	35	0	39	0
TCGA-L9-A7SV-01A-11D-A397-08	7	0	0	1682	285	0	0	0
TCGA-L9-A8F4-01A-11D-A397-08	0	0	0	606	351	0	0	0
TCGA-MN-A4N1-01A-11D-A24P-08	16	0	0	358	198	0	0	0
TCGA-MN-A4N4-01A-12D-A24P-08	4	199	0	1076	330	0	216	0
TCGA-MN-A4N5-01A-11D-A24P-08	0	0	0	351	201	0	0	0
TCGA-MP-A4SV-01A-11D-A24P-08	2	65	0	138	149	0	76	0
TCGA-MP-A4SW-01A-21D-A24P-08	23	8	48	0	0	0	5	0
TCGA-MP-A4SY-01A-21D-A24P-08	5	0	0	56	123	0	24	0
TCGA-MP-A4T4-01A-11D-A25L-08	0	0	0	301	171	0	0	0
TCGA-MP-A4T6-01A-32D-A25L-08	11	11	0	0	58	0	13	0
TCGA-MP-A4T7-01A-11D-A24P-08	9	0	0	117	33	0	0	0
TCGA-MP-A4T8-01A-11D-A24P-08	4	0	0	69	69	0	0	0
TCGA-MP-A4T9-01A-11D-A24P-08	0	0	0	0	46	0	0	0
TCGA-MP-A4TA-01A-21D-A24P-08	5	0	0	232	207	0	0	0
TCGA-MP-A4TC-01A-11D-A24P-08	2	19	0	214	83	0	0	0
TCGA-MP-A4TD-01A-32D-A25L-08	7	0	0	46	46	0	0	0
TCGA-MP-A4TE-01A-22D-A25L-08	30	0	58	52	28	0	0	0
TCGA-MP-A4TF-01A-11D-A25L-08	0	0	0	342	190	0	0	0
TCGA-MP-A4TH-01A-31D-A25L-08	12	0	89	0	34	0	0	0
TCGA-MP-A4TI-01A-21D-A24P-08	10	109	0	85	38	0	66	0
TCGA-MP-A4TJ-01A-51D-A25L-08	8	0	0	51	52	0	0	0
TCGA-MP-A4TK-01A-11D-A24P-08	0	36	0	269	100	0	34	0
TCGA-MP-A5C7-01A-11D-A25L-08	7	0	0	25	60	0	0	0
TCGA-NJ-A4YF-01A-12D-A25L-08	9	0	178	491	76	0	0	0
TCGA-NJ-A4YG-01A-22D-A25L-08	15	25	0	61	66	0	22	0
TCGA-NJ-A4YI-01A-11D-A25L-08	5	0	0	361	183	0	0	0
TCGA-NJ-A4YP-01A-11D-A25L-08	0	252	0	141	101	0	187	0
TCGA-NJ-A4YQ-01A-11D-A25L-08	0	0	0	1006	347	0	0	0
TCGA-NJ-A55A-01A-11D-A25L-08	0	0	0	87	59	0	0	0
TCGA-NJ-A55O-01A-11D-A25L-08	5	0	0	129	30	0	0	0
TCGA-NJ-A55R-01A-11D-A25L-08	0	0	0	185	130	0	0	0
TCGA-NJ-A7XG-01A-12D-A397-08	14	0	26	0	2	0	0	0
TCGA-O1-A52J-01A-11D-A25L-08	2	0	0	125	81	0	0	0
TCGA-S2-AA1A-01A-12D-A397-08	1	0	0	94	49	0	0	0
