MutationType	SBS96A	SBS96B	SBS96C	SBS96D	SBS96E	SBS96F	SBS96G	SBS96H
A[C>A]A	0.04551394120557234	0.003948917897650972	0.020581247975593728	0.0026037639100124467	0.02069149803276371	0.005906838452690124	0.001764770945834897	0.004193090823960403
A[C>A]C	0.0462544141215767	0.001547310063592704	0.030869925214149135	0.0012984478706222127	0.015803514284198173	0.009000253927450417	0.007705379275278688	0.006766641791958818
A[C>A]G	0.035869587291090285	0.000891378092640025	0.017963678680928036	0.00019612581800025454	0.007060510292753344	0.002015119747023242	0.00024782768353034615	0.00014845363574474745
A[C>A]T	0.030367279038764537	0.0039455979166086765	0.017290945690422176	0.0007246368685400739	0.008443563411645129	0.0044582154655051906	0.0012550582217389205	0.0035568616277625153
A[C>G]A	0.0070258606229617725	0.0005013755240310048	0.011533157149438296	0.0011112476422902517	0.013991783507925307	0.0063184209328028375	9.619241824935898e-05	0.004520079813615823
A[C>G]C	0.002981717399088666	0.000490374295059155	0.007948973874022585	0.0017741557788942574	0.010402459512697533	0.00903056469054718	0.0027583360041177596	0.002276367548127354
A[C>G]G	0.003925664312409935	0.0004484013720765212	0.00584934852522565	0.000246474558802845	0.004056952661496773	0.004829099685667231	0.0013420634778945838	0.005350079594505814
A[C>G]T	0.0026671782170888036	0.0016780364600708709	0.0072885985375481695	0.001904951290922554	0.009638564373599365	0.01197931003271151	0.0004654160668210494	0.0010368557028055036
A[C>T]A	0.0071114122129315276	0.000566363001148602	0.018940787446927468	0.0048810749733820555	0.01630344816847896	0.02002995806746185	0.008603990644919008	0.007576773152978848
A[C>T]C	0.005391514602888492	0.0020556877020862885	0.008425433576502429	0.00015576550089463126	0.015024781956340192	0.015297155202715658	0.02532684037461877	0.0006049817238817923
A[C>T]G	0.003449227300935999	0.001915114786461345	0.004702298999081905	0.0024205978067129764	0.008348074466246089	0.004099004034376006	0.16458871051669122	0.010977146361547056
A[C>T]T	0.0037550472058956075	0.00016074811097077201	0.010148557677748613	0.0007690248215482158	0.009434336070062272	0.01128067181489314	0.010711135591674293	0.01533420269419139
A[T>A]A	0.0042914503790962046	0.00047873407205827333	0.006277154428436518	8.003252769313463e-05	0.0032633909530579075	0.008967062381344704	0.0009579417976019045	0.00421314491897995
A[T>A]C	0.002353644803022374	7.583622937090695e-07	0.005588744716951624	0.0006996561886808194	0.006608785317803267	0.004340502759650917	0.012766422866843641	0.0002474673386308268
A[T>A]G	0.008840965287708969	0.0017752848885720595	0.010372925360406952	0.0008353173613876663	0.009737874965802433	0.01220278113953441	0.0010569763462078185	0.0037825793479021284
A[T>A]T	0.001743277852074243	0.0001361903870699166	0.004001076339761021	0.001393952254584292	0.00430748788464772	0.008100250671850518	0.0002450352913318099	0.005004935229418521
A[T>C]A	0.003958917012191348	0.0006434455982071086	0.01567041331785731	0.0006719301803548205	0.01248758085188456	0.028164365502307193	0.0033725214428867644	0.008055263079986616
A[T>C]C	0.0002552545167600329	0.00019808079484498364	0.004202676807048524	0.00022759949833471183	0.006024969588652312	0.013232710360607598	0.004814859126420856	0.012063053296079146
A[T>C]G	0.004393243742989334	0.00011091261874483393	0.011337233732483583	0.0012320782464430736	0.015998484923571255	0.04815006242599338	0.0017779279530009853	0.005968616450915586
A[T>C]T	0.00016539871503482573	0.00017619829254726936	0.005531279825881938	0.0010512298654141872	0.016070055937758187	0.013334767073507123	0.012847491682041436	0.008686639766092413
A[T>G]A	0.00025334605174889726	2.2119553690274073e-05	0.000946266141103802	0.00014258752097582317	0.0012304159067398502	0.002993754631579577	0.0015008686776315017	0.005333512069832977
A[T>G]C	0.00015827818396756398	1.1169225809654071e-08	0.0012092049371781855	7.235476788051143e-06	0.002388304332814357	0.0007222321830417755	0.0008444729628780223	0.007829654528177344
A[T>G]G	0.0006565467172210048	0.00010044698216830738	0.004036202206916642	4.325367441992967e-10	0.0038985245186914596	0.00433176102577491	0.001978718821391432	0.0009931617972861063
A[T>G]T	0.00010692283824027982	0.000309952334274346	0.00065655463049481	0.00014721962797215938	0.001071248691509652	0.001287976226533658	0.0008668134358625678	0.01931715487065958
C[C>A]A	0.028876748466660374	0.2558898051083088	0.01116460184446198	0.0009151943321959965	0.006951703728059648	0.00150940902386008	0.00038026764204900586	0.0022332019431508597
C[C>A]C	0.0813564133271575	0.12099724492250971	0.023180704135731336	3.1913439976698578e-09	0.002002302684782954	0.003797587552647197	6.537048078577357e-05	0.002027193803048206
C[C>A]G	0.003103418919028923	0.20864139527082443	0.002701186221650502	0.00030866418563652313	0.004273897246071709	0.0007118379331249289	1.533754538904475e-05	0.0071673246144865746
C[C>A]T	0.0427671228173611	0.1698889302193129	0.010623102256351734	0.0005970748528319095	0.00320100294233729	0.004993045884389087	2.608946275817203e-07	8.401211641611894e-05
C[C>G]A	0.0092566625381005	0.002567192282585893	0.010838580542571651	0.005022770038340241	0.015965523280203228	0.00784458942737956	0.00037139110559664346	0.0023589053793877214
C[C>G]C	0.009285624211034451	0.002066760314046405	0.009824813161859822	0.000488749715597212	0.013962486113867101	0.0011769179721515853	0.0008256529284228264	0.007637753956581009
C[C>G]G	0.006981692086656039	0.003524302929050123	0.008547193991019324	0.0005652030836031072	0.01164833226545113	0.001271692297887057	0.0007977808246905483	0.0050802043185842645
C[C>G]T	0.007285620854236186	0.001861843069345923	0.01456306038688922	0.005237031697761268	0.016250617934247202	0.009475495889486183	0.0009464517804430983	0.0022431361822089
C[C>T]A	0.022019502324983477	0.0007341197876667138	0.027267943124752492	0.011897499137558044	0.03965244960039854	0.007739360846341008	0.022459239649178925	0.023326382488012314
C[C>T]C	0.01265558980521746	0.0013421637650571938	0.02421321716014063	0.002158861098723719	0.03780319447307594	0.012913896603085959	0.020548612797865642	0.005879000066848121
C[C>T]G	0.00795913258151575	4.228887388308067e-05	0.0218142381991069	0.0055201275227591395	0.029458203669538535	0.00965770466311369	0.13400138169527054	0.005030251690041041
C[C>T]T	0.014616879615350626	0.0024305898735953236	0.028932432528818025	0.0077131010429002346	0.03606451275758445	0.02558668065816164	0.008684604268963482	0.02119330842513591
C[T>A]A	0.00813550813631153	0.00023913218380771075	0.007831640402587254	0.00010622756365092713	0.00498923941543218	0.007701846154050145	0.00021025588050747502	0.0011855655811924492
C[T>A]C	0.009159471687339646	0.0007037662215784124	0.014064676911075366	0.00022138806701672508	0.010617362127791664	0.007360387504281465	0.0009785544635631282	0.009362883341754013
C[T>A]G	0.04196526848361828	0.00113769727823417	0.03987538504009194	0.0010396988328184164	0.010101755955217015	0.010218745454456552	0.0007582244862310716	0.007428699493409852
C[T>A]T	0.010863610560190863	4.017367740836164e-06	0.008428734937090496	0.0002499011002330676	0.00829570961241982	0.011425213802968983	7.06481703899442e-05	0.017359650707803667
C[T>C]A	0.0016874129494042142	0.0005173964307517309	0.011287293986824806	0.0007761950598029443	0.007255184927268333	0.014544426347965782	0.0012243819370726782	0.008774637585156597
C[T>C]C	0.0017821342950628605	9.934527759675405e-05	0.005490843132138252	0.0013908943137903407	0.0053974132928851755	0.012201524810516276	0.0017026649385283577	0.02920123338699341
C[T>C]G	0.008430134532184575	0.0008261463910093892	0.012048077460262334	0.0003673193681116615	0.00991566083717771	0.03492148271761834	0.005836902228849611	0.028387712012045086
C[T>C]T	0.0012098168674282306	0.0001980502207121404	0.007517134880472751	3.6661083722719926e-05	0.008110690933865499	0.016661615540779166	0.0007288474353850916	0.052402658499777315
C[T>G]A	0.0001429880959392449	0.00020102416121741128	0.0016535944262722779	0.00011928056609614046	0.0023734305755512965	0.0015511780892560978	0.0010047504828723497	0.001707740156366455
C[T>G]C	0.00019895841920645655	0.0002778325497797606	0.0015113813461707175	0.0006617315239662957	0.001295843011175748	0.004666573614231311	0.0025206087936205535	0.011744030221598223
C[T>G]G	0.0028483634116128085	0.0006913517049542861	0.009132897257222794	0.0005174305360137802	0.010169910573458764	0.007690632859885227	0.006621712381102043	0.007634191484248732
C[T>G]T	6.651721894648972e-09	5.677541930893884e-08	6.952549877148329e-08	2.156737128271697e-06	2.3578413178679195e-07	0.0012199289752730992	1.7290603209829669e-06	0.09187751877322796
G[C>A]A	0.045230380673892796	0.005167922421824187	0.028150461042532698	0.004523424591025105	0.01859324704311931	0.004237061124886239	0.0080736766999415	0.0015360952412534657
G[C>A]C	0.05256107796099968	0.004291762398788705	0.037242785998532785	0.002229203760271048	0.01710405026002547	0.01263743679854113	0.005139237877285155	0.008504071394447123
G[C>A]G	0.033636454888037404	0.004245475548086688	0.028626487892889543	0.000396839775709168	0.027258775209141984	0.005959783590447599	0.0021101532086933617	0.006533253576007381
G[C>A]T	0.03266334567219019	0.0052561898436397315	0.021720434195594863	0.0016068866162095219	0.013855336079123504	0.0062835048358140955	0.006190317617775154	0.005324242061207656
G[C>G]A	0.006130143434711499	0.0008472596106184938	0.008797830556243634	0.000969779679120446	0.010970462121767922	0.008274369937239621	0.0002517538219162674	0.0031927465181627924
G[C>G]C	0.008400391132036021	0.00040697617352364546	0.008016655144629965	0.0008958792341063316	0.011677533515908606	0.01027781339426582	0.002124723630959906	0.0020245252330126106
G[C>G]G	0.008335957401668566	0.0011478519706599145	0.008136687376678395	0.0003933881847342491	0.006262707129661763	0.0014679160694596404	0.0003411782622592341	0.0004818549910229564
G[C>G]T	0.004462224083254115	0.0010781776044521507	0.00995917177244266	0.002435803712796769	0.009486931765568443	0.005716659893626499	0.0007743963411216015	0.005341200180310466
G[C>T]A	0.004007606192026288	0.0008349309826917307	0.013579769056602044	0.005606797523796558	0.014008679060388723	0.032420711644226684	0.029144640062004328	0.006219879347627284
G[C>T]C	0.004565036232814145	0.001563325570032248	0.011875964730934356	0.0008964756122259132	0.010895030884006198	0.0376937181618996	0.051977007910609246	0.007046110378869343
G[C>T]G	0.0002914433476324792	0.000968461398101681	0.005371309101400794	0.0031700120147434064	0.004245396611075497	0.05445848494302481	0.1709609968960285	0.002012435577256055
G[C>T]T	0.006511536000616615	0.00080981264829461	0.007989955105585977	0.0032051049792789854	0.01038427248401078	0.025140988861676306	0.029947009291499852	0.0029662814245239133
G[T>A]A	0.006903392869280651	0.0005075628117665865	0.006726812283702656	0.00046118148529785725	0.006062528539098366	0.0057861446844060535	0.0007962102160431072	0.005469553976771806
G[T>A]C	0.003772117646440165	0.0005349587037436976	0.0064607840014707565	0.00016555777417367277	0.007511662193282973	0.004472107927800835	0.0020244157149284805	0.005290226939955857
G[T>A]G	0.010737636889825809	0.0012375199117377633	0.012394839597226905	0.0004082295024048932	0.016618444033889547	0.010620203681833118	0.0010606760051933152	0.0007005001509190834
G[T>A]T	0.0039150880656034556	0.00029187424798870153	0.005655690932186985	4.1519108053762464e-05	0.0073258283617013845	0.0033417066939514938	0.00031501707284361304	0.008371040973111121
G[T>C]A	0.0012517354149895255	0.0004139495356272249	0.005488509130666341	0.001124655427522896	0.0044702974240331626	0.044151183357462286	0.005882951544800505	0.00389394933368294
G[T>C]C	0.00018409640513709747	0.00037319144085813606	0.0032666027589430334	0.0009833308359222315	0.0028719641589948	0.02251678080763668	0.006144350030380679	0.002554428372230859
G[T>C]G	0.0014055165444005978	0.0004083577779091474	0.005970109155605315	7.858523566929972e-05	0.009413455559842276	0.033036128121893854	0.005652338621962372	0.0037890538383734905
G[T>C]T	0.0005402382488148374	0.0008110643555119168	0.00473070523381466	0.00015642376869436702	0.0070690193818882105	0.020917504697090406	0.012924479861429744	0.0040814637722291994
G[T>G]A	0.000694079644900345	0.0002594723041890035	0.001390988134644715	0.0006013418496923961	0.0026705188112466516	0.0021942370155511883	0.0003339809567032148	0.0006696182551946439
G[T>G]C	0.000271038575815723	1.9243997950724177e-09	0.0009523995593983159	0.0003040773622890569	0.0018209918137313253	0.001885569685752635	0.0023999199760116195	0.0038357842937541964
G[T>G]G	0.0015615959414685676	1.5789165175306152e-09	0.006737665649211379	0.0003082729354522584	0.005914721787531647	0.0027111606274573498	0.0005424430888215248	0.0032976116669044585
G[T>G]T	7.606657834031693e-05	0.0005456084617182811	0.0003983252448156804	7.90214877560036e-05	0.0004055714399878241	0.0012166212032204981	0.0006814906264187748	0.028712250000680797
T[C>A]A	0.02900653045391664	0.04692522097378969	0.02343892283966852	0.022701091398485005	0.01701718947400134	0.0029478235944634433	0.0065657059093254585	0.013475651813096193
T[C>A]C	0.07216732326894998	0.03669998386874795	0.0293201101459033	0.01079521007835865	0.02597252522042254	0.004242710738173599	0.009798746336918214	0.013514935426461533
T[C>A]G	0.009390584890497848	0.0342205112054944	0.020663936844900376	0.0024495136829386865	0.018424213533383523	0.0073029530026316215	0.0009784479673592195	1.7488012105104644e-08
T[C>A]T	0.0440226474404335	0.043098666220903394	0.02106206519113255	0.011687131514772773	0.01333066822713592	0.009284639865672944	0.008350809275953002	0.0011340790682186253
T[C>G]A	0.0028985078853634148	0.001034121572125457	0.004504671631478488	0.1480229817297777	0.0063710369724605444	0.005956268668177671	6.923868816954837e-08	0.00036225844647548924
T[C>G]C	0.006326404819628806	0.00048659243459042045	0.014252680256031453	0.04696838008705526	0.021402603768510744	0.009053268449234224	0.0032360035797407947	0.004888040047226241
T[C>G]G	0.003969989690783677	0.00033050821542474296	0.005451899998345241	0.018784401547163723	0.004655980865248353	0.0006891619616117239	0.0004418052260325567	3.7970736738e-05
T[C>G]T	0.0015287018358784174	0.0002712554196189183	0.008794082492649706	0.17002372309565544	0.015054574412192476	0.01599727337337697	0.000984180405475575	0.0029779617500440736
T[C>T]A	0.0025716254704613406	0.0011436294079113906	0.0032453111254734743	0.221538526016966	0.015226081149616086	0.0028563837381079793	0.006511903067713689	0.09733718844665418
T[C>T]C	0.006816867011529404	0.001120661495878248	0.014668956007882867	0.06178654101677239	0.043389409044757486	0.008453956529265269	0.02775078721693717	0.0379254014370963
T[C>T]G	0.0006775198795640286	0.0008284227186959469	0.005573602197691798	0.06945761207491159	0.010941875236921526	0.0015965295729226303	0.0801394609734416	0.007747292393178213
T[C>T]T	0.0063853559769847254	0.0008727551115596473	0.009183900509762083	0.11022388633340598	0.01574964097002521	0.014518055625335648	0.00913181659892729	0.060917077623307704
T[T>A]A	0.004008182529069018	0.0001462688575454507	0.005694612297027675	0.00017660746413618658	0.0038552083010697656	0.0020028187699873	0.0012329512929293075	0.004087644744708072
T[T>A]C	0.0035527995310985715	0.0013061849455698394	0.005387893784311473	2.2571407607756556e-05	0.005926448371537845	0.005700202877355882	0.002921903636417653	0.006495504253289255
T[T>A]G	0.007032878115714993	0.0011703653086354126	0.009655734186130758	0.00039000812633759095	0.006792361218359418	0.0076905770415124	0.00019777788893090786	0.0021720539721721364
T[T>A]T	0.003241978867002544	1.6870450147976612e-09	0.005613514573495166	0.00020870432724370808	0.004506225146478968	0.002545585402788903	0.0008406558210308202	0.010768493044015486
T[T>C]A	0.0013274351671621787	9.987504313727414e-05	0.003844134402044234	0.0011927014291723025	0.0045547044534760064	0.015671211507869886	0.001595514161506344	0.0057329965272219854
T[T>C]C	0.00030962517284262824	0.0003577127244653866	0.002155836632300634	0.0002667263600960723	0.004008625904170913	0.010804220120189712	0.008405881700667521	0.013016672027879395
T[T>C]G	0.0005458468432857445	4.661084528834181e-05	0.0031484485978866706	0.0004302270996764257	0.003096679024811806	0.027410698859021067	0.0006836341981339089	0.007397233892010462
T[T>C]T	0.0005067185669262387	3.1921352911137306e-05	0.0029435281042864193	0.00023357734832785582	0.005053288750810907	0.010684761826414615	0.003387073309023947	0.010670173901016823
T[T>G]A	0.00013558338200596163	4.524697207930472e-06	0.0013570847750436243	0.0005174696210924168	0.0024169264837061635	0.0015852159244901514	0.0008021880173775919	0.006468178082247818
T[T>G]C	3.6669719904800504e-05	3.843676753111147e-05	0.001082996037761319	8.451051303369539e-05	0.003808729016129129	0.002643140995781115	0.0009730274245062276	0.012892091982648709
T[T>G]G	0.0013032591806950223	0.0006348921854421264	0.005125499455344626	0.0003120710304057184	0.003075365533804728	0.005106140499401022	0.0005257319574860822	0.007221106157358008
T[T>G]T	5.053025418177981e-05	0.00014518182209801722	0.000304126465059289	0.00019573694979243772	0.0004289283088096951	0.0009239574762374048	9.911809957543482e-05	0.055747869283659386
