Samples	SBS96A	SBS96B	SBS96C	SBS96D	SBS96E	SBS96F	SBS96G	SBS96H
TCGA-05-4244	86	38	24	10	43	32	27	2
TCGA-05-4249	117	54	135	35	8	2	41	7
TCGA-05-4250	139	62	0	56	84	53	24	23
TCGA-05-4382	1082	354	275	218	0	68	51	65
TCGA-05-4384	46	16	46	12	7	16	14	13
TCGA-05-4389	41	26	16	96	1	43	47	28
TCGA-05-4390	354	113	94	9	59	19	36	27
TCGA-05-4395	100	29	0	106	62	3	31	21
TCGA-05-4396	0	1874	0	12	0	0	21	22
TCGA-05-4397	283	115	167	172	101	127	22	38
TCGA-05-4398	293	133	209	99	0	82	61	74
TCGA-05-4402	0	2	20	107	0	25	3	0
TCGA-05-4403	5	19	57	4	44	0	40	3
TCGA-05-4405	202	68	51	27	58	35	46	11
TCGA-05-4410	541	199	341	162	49	22	43	44
TCGA-05-4415	103	31	52	5	29	16	12	5
TCGA-05-4417	195	61	22	5	46	22	20	12
TCGA-05-4418	36	54	85	13	84	37	12	18
TCGA-05-4420	128	64	45	18	38	54	18	11
TCGA-05-4422	9	1	0	21	6	0	10	8
TCGA-05-4424	394	154	107	134	36	55	48	4
TCGA-05-4425	0	0	0	0	0	6	45	4
TCGA-05-4426	2	2	18	6	0	0	23	6
TCGA-05-4427	470	188	348	65	22	51	47	95
TCGA-05-4430	167	54	18	20	32	57	11	0
TCGA-05-4432	154	114	343	30	16	59	30	31
TCGA-05-4433	0	1	0	0	0	6	38	0
TCGA-05-4434	0	0	10	12	15	7	15	0
TCGA-05-5420	21	12	0	4	53	0	25	2
TCGA-05-5423	17	39	63	17	0	7	33	12
TCGA-05-5425	273	85	170	39	77	55	25	6
TCGA-05-5428	158	54	8	132	46	0	24	56
TCGA-05-5429	3	0	0	4	0	0	35	5
TCGA-05-5715	6	3	13	94	0	4	31	0
TCGA-35-3615	38	15	0	45	3	2	19	26
TCGA-35-4122	17	48	107	43	91	80	9	21
TCGA-35-4123	161	65	0	11	104	24	16	0
TCGA-35-5375	145	48	131	46	0	93	31	35
TCGA-38-4625	401	118	3	139	40	0	33	35
TCGA-38-4626	157	36	107	18	0	0	1	14
TCGA-38-4627	0	2	15	4	0	0	14	1
TCGA-38-4628	8	10	44	19	34	0	34	2
TCGA-38-4629	26	35	191	38	0	5	29	34
TCGA-38-4630	3	12	0	70	23	0	47	10
TCGA-38-4631	362	154	275	19	105	0	27	8
TCGA-38-4632	237	77	118	35	106	43	27	26
TCGA-38-6178	17	2	0	10	33	0	16	15
TCGA-38-7271	21	11	31	41	0	13	0	0
TCGA-38-A44F	0	0	0	0	9	0	8	2
TCGA-44-2655	126	32	0	11	43	8	6	5
TCGA-44-2656	1004	334	393	51	78	141	112	24
TCGA-44-2657	412	191	89	103	105	48	85	12
TCGA-44-2659	494	200	0	32	142	35	87	28
TCGA-44-2661	0	1	4	8	58	0	18	13
TCGA-44-2662	91	15	18	325	0	57	13	21
TCGA-44-2665	4	4	0	28	0	25	43	23
TCGA-44-2666	0	2	0	14	0	33	26	11
TCGA-44-2668	458	99	57	146	52	23	23	31
TCGA-44-3396	0	30	167	192	0	0	74	25
TCGA-44-3398	149	55	4	147	0	127	24	0
TCGA-44-3918	1313	389	10	196	239	154	60	0
TCGA-44-3919	0	2	0	39	57	27	11	0
TCGA-44-4112	418	199	153	244	72	39	78	20
TCGA-44-5643	49	15	0	55	137	0	68	6
TCGA-44-5644	928	383	707	120	28	75	118	42
TCGA-44-5645	0	0	0	0	45	15	25	4
TCGA-44-6144	186	64	78	39	64	54	38	40
TCGA-44-6145	542	91	0	15	20	35	28	59
TCGA-44-6146	0	3	0	0	46	0	38	9
TCGA-44-6147	111	48	5	8	114	0	26	16
TCGA-44-6148	0	2	0	0	0	11	4	0
TCGA-44-6774	424	123	164	13	10	25	18	7
TCGA-44-6775	1	19	7	19	54	50	15	5
TCGA-44-6776	281	69	0	23	32	80	29	9
TCGA-44-6777	172	125	286	201	54	24	51	40
TCGA-44-6778	324	114	338	23	18	72	39	54
TCGA-44-6779	21	15	0	6	40	0	31	15
TCGA-44-7659	123	47	0	20	84	72	10	13
TCGA-44-7660	0	96	531	70	0	227	20	0
TCGA-44-7661	288	117	142	150	0	46	25	0
TCGA-44-7662	433	198	269	158	187	100	42	49
TCGA-44-7667	357	136	329	22	132	0	105	76
TCGA-44-7669	210	145	572	23	9	78	51	40
TCGA-44-7670	1383	417	0	346	236	135	90	138
TCGA-44-7671	82	66	246	30	93	29	36	0
TCGA-44-7672	158	27	170	26	0	0	18	10
TCGA-44-8117	425	176	66	39	78	84	51	13
TCGA-44-8119	342	89	60	18	86	88	65	27
TCGA-44-8120	268	150	107	27	130	25	26	19
TCGA-44-A479	220	56	0	23	0	47	24	10
TCGA-44-A47A	0	21	88	105	19	5	34	0
TCGA-44-A47B	10	3	0	2	4	7	26	9
TCGA-44-A47G	2	7	0	20	49	0	16	7
TCGA-44-A4SS	148	70	163	69	50	56	18	20
TCGA-44-A4SU	41	15	62	7	1	33	27	3
TCGA-49-4486	17	10	11	133	37	6	6	0
TCGA-49-4487	132	65	106	67	54	27	5	2
TCGA-49-4488	145	65	46	27	0	25	9	51
TCGA-49-4490	0	3	0	19	2	26	22	0
TCGA-49-4494	139	17	0	12	43	0	32	0
TCGA-49-4501	1	3	0	14	0	12	37	8
TCGA-49-4505	122	26	16	18	6	21	43	22
TCGA-49-4506	57	15	0	5	1	46	13	7
TCGA-49-4507	58	20	26	47	50	0	32	23
TCGA-49-4510	14	24	0	6	8	30	0	0
TCGA-49-4512	0	3	16	5	0	0	25	7
TCGA-49-4514	152	32	0	124	65	13	31	8
TCGA-49-6742	49	9	0	142	0	0	38	118
TCGA-49-6743	198	107	236	227	21	90	27	75
TCGA-49-6744	73	52	128	8	32	0	5	1
TCGA-49-6745	3	5	0	89	6	31	33	9
TCGA-49-6761	67	191	0	84	0	22	21	34
TCGA-49-6767	208	101	176	42	0	59	19	11
TCGA-49-AAQV	8	0	0	41	6	25	8	0
TCGA-49-AAR0	21	15	75	20	0	5	21	20
TCGA-49-AAR2	233	73	100	13	48	0	21	0
TCGA-49-AAR3	45	17	37	17	3	34	18	0
TCGA-49-AAR4	294	86	0	114	197	0	8	13
TCGA-49-AAR9	304	127	242	18	69	0	44	8
TCGA-49-AARE	690	290	222	105	125	156	35	54
TCGA-49-AARN	212	58	0	29	0	2	0	633
TCGA-49-AARO	487	123	0	38	57	29	0	4
TCGA-49-AARQ	413	140	0	95	182	10	26	27
TCGA-49-AARR	1	0	0	0	0	1	1	0
TCGA-4B-A93V	44	20	43	9	25	6	14	10
TCGA-50-5044	0	13	4	128	8	27	2	0
TCGA-50-5045	186	72	75	23	0	15	0	2
TCGA-50-5049	489	160	24	34	201	100	0	2
TCGA-50-5051	0	44	45	7	21	8	20	0
TCGA-50-5055	0	0	3	5	0	0	12	2
TCGA-50-5066	272	60	158	40	137	44	21	74
TCGA-50-5068	33	5	32	8	1	9	30	2
TCGA-50-5072	79	20	0	18	42	13	14	22
TCGA-50-5930	607	305	418	24	0	42	21	28
TCGA-50-5931	148	53	0	24	71	75	14	0
TCGA-50-5932	41	13	0	0	33	0	5	0
TCGA-50-5933	238	79	134	47	93	0	57	21
TCGA-50-5935	0	0	0	62	29	13	14	6
TCGA-50-5936	17	6	25	64	0	1	13	20
TCGA-50-5939	9	1	0	20	19	16	15	25
TCGA-50-5941	115	82	149	39	79	23	16	3
TCGA-50-5942	6	8	23	0	19	0	11	6
TCGA-50-5944	5	3	0	9	31	10	27	0
TCGA-50-5946	375	246	473	361	0	139	80	2
TCGA-50-6590	376	149	236	222	48	93	0	0
TCGA-50-6591	0	5	0	3	37	0	17	8
TCGA-50-6592	46	28	100	62	74	21	13	20
TCGA-50-6593	101	64	57	10	63	66	8	21
TCGA-50-6594	266	104	90	55	75	43	7	7
TCGA-50-6595	0	8	0	28	62	3	14	8
TCGA-50-6597	0	0	0	23	15	0	25	16
TCGA-50-6673	0	56	0	5	10	15	22	3
TCGA-50-7109	109	47	33	5	74	22	29	1
TCGA-50-8457	8	7	0	6	31	3	11	1
TCGA-50-8459	0	22	70	4	0	0	19	4
TCGA-50-8460	0	3	0	4	9	2	11	7
TCGA-53-7624	210	160	366	172	19	33	37	32
TCGA-53-7626	443	1023	0	38	0	3	0	0
TCGA-53-7813	28	27	109	0	0	5	17	1
TCGA-53-A4EZ	276	122	0	27	187	20	31	14
TCGA-55-1592	136	68	31	60	217	143	13	32
TCGA-55-1594	47	9	6	84	39	16	31	6
TCGA-55-1595	111	63	199	14	0	6	20	13
TCGA-55-1596	38	25	0	5	84	73	6	3
TCGA-55-5899	157	74	121	123	0	19	26	32
TCGA-55-6543	0	1	1	3	1	3	17	0
TCGA-55-6642	79	38	0	6	25	0	15	9
TCGA-55-6712	30	9	11	110	0	21	25	0
TCGA-55-6968	104	31	0	459	52	21	2	2
TCGA-55-6969	184	133	111	14	76	43	0	44
TCGA-55-6970	88	26	43	10	16	21	9	9
TCGA-55-6971	34	218	0	4	6	17	6	12
TCGA-55-6972	82	32	0	129	47	0	14	66
TCGA-55-6975	16	12	35	12	0	6	18	8
TCGA-55-6978	7	49	0	0	0	4	14	5
TCGA-55-6979	124	603	0	44	0	0	0	0
TCGA-55-6980	1	23	0	0	9	1	4	0
TCGA-55-6981	0	267	0	3	0	2	25	3
TCGA-55-6982	5	25	0	228	8	25	10	3
TCGA-55-6983	0	31	56	6	11	13	19	4
TCGA-55-6984	0	28	0	1	14	0	6	1
TCGA-55-6985	301	96	0	6	141	56	17	0
TCGA-55-6986	0	7	0	1	17	0	8	0
TCGA-55-6987	120	33	0	92	0	36	10	0
TCGA-55-7227	30	28	98	10	0	0	24	18
TCGA-55-7281	284	231	0	72	506	35	21	16
TCGA-55-7283	125	61	0	124	126	0	138	22
TCGA-55-7284	0	0	0	0	6	0	43	8
TCGA-55-7570	227	78	162	201	195	89	12	0
TCGA-55-7573	0	6	28	7	10	3	3	8
TCGA-55-7574	96	41	0	284	223	17	0	0
TCGA-55-7576	165	159	353	44	92	63	97	49
TCGA-55-7724	21	20	54	41	36	73	31	9
TCGA-55-7725	28	22	76	2	0	11	10	7
TCGA-55-7726	4	5	16	85	0	0	32	0
TCGA-55-7727	58	29	0	101	76	0	24	30
TCGA-55-7728	15	21	59	3	0	0	24	0
TCGA-55-7815	68	15	35	8	22	0	27	9
TCGA-55-7816	0	0	0	0	1	0	1	0
TCGA-55-7903	23	33	0	24	25	27	41	16
TCGA-55-7907	517	225	346	247	74	11	41	0
TCGA-55-7910	88	66	165	11	0	0	40	0
TCGA-55-7911	100	32	0	19	112	0	19	0
TCGA-55-7913	180	52	28	46	35	44	40	11
TCGA-55-7914	32	27	68	26	0	27	34	0
TCGA-55-7994	573	347	569	96	119	134	56	5
TCGA-55-7995	335	77	0	102	195	57	12	51
TCGA-55-8085	65	27	55	123	0	0	39	22
TCGA-55-8087	0	1	0	7	9	6	16	1
TCGA-55-8089	484	170	211	445	141	0	50	55
TCGA-55-8090	15	17	5	2	44	21	9	0
TCGA-55-8091	4	0	8	0	0	3	22	1
TCGA-55-8092	182	90	0	139	150	0	74	92
TCGA-55-8094	161	103	178	15	0	29	25	50
TCGA-55-8096	78	11	0	13	50	0	23	4
TCGA-55-8097	29	21	0	14	0	19	46	13
TCGA-55-8203	195	85	179	7	0	20	49	1
TCGA-55-8204	47	11	0	87	82	21	19	3
TCGA-55-8205	168	53	116	214	5	85	7	0
TCGA-55-8206	6	1	0	6	0	8	12	5
TCGA-55-8207	64	66	167	17	0	43	31	0
TCGA-55-8208	57	14	0	197	115	48	2	13
TCGA-55-8299	186	66	85	22	59	73	8	17
TCGA-55-8301	107	38	118	33	3	38	21	4
TCGA-55-8302	423	115	0	20	222	41	27	0
TCGA-55-8505	5	0	0	16	0	9	16	2
TCGA-55-8506	645	310	213	12	0	206	709	28
TCGA-55-8507	585	193	43	32	190	99	47	30
TCGA-55-8508	89	25	0	12	33	19	30	21
TCGA-55-8510	157	71	3	31	114	7	12	0
TCGA-55-8511	315	95	0	82	78	20	50	75
TCGA-55-8512	0	7	14	4	17	3	6	1
TCGA-55-8513	0	0	0	0	0	0	8	1
TCGA-55-8514	136	54	0	4	118	0	41	0
TCGA-55-8614	32	13	49	35	61	59	51	0
TCGA-55-8615	42	12	0	0	60	18	17	15
TCGA-55-8616	280	105	92	17	36	27	50	0
TCGA-55-8619	3	0	0	0	0	0	24	0
TCGA-55-8620	172	96	159	17	57	47	59	11
TCGA-55-8621	13	9	29	9	0	24	5	0
TCGA-55-A48X	245	58	16	30	119	0	13	4
TCGA-55-A48Y	0	6	0	367	0	0	38	35
TCGA-55-A48Z	15	1	0	4	8	15	18	7
TCGA-55-A490	637	304	485	127	0	17	45	38
TCGA-55-A491	186	69	0	35	72	74	20	11
TCGA-55-A492	102	38	112	17	22	19	34	14
TCGA-55-A493	112	21	44	83	0	18	24	38
TCGA-55-A494	133	34	0	15	40	0	71	6
TCGA-55-A4DF	106	39	0	631	135	9	47	17
TCGA-55-A4DG	421	151	0	25	123	100	28	0
TCGA-55-A57B	3	1	3	8	8	1	22	3
TCGA-62-8394	0	11	40	50	15	29	21	9
TCGA-62-8395	0	2	0	20	22	16	30	0
TCGA-62-8397	7	0	0	0	1	1	14	9
TCGA-62-8398	30	9	7	9	0	16	20	13
TCGA-62-8399	165	59	85	257	0	44	51	1
TCGA-62-8402	0	0	0	4	33	0	30	7
TCGA-62-A46O	420	152	0	161	205	87	40	30
TCGA-62-A46P	112	64	122	6	0	14	36	0
TCGA-62-A46R	29	23	58	27	0	11	35	26
TCGA-62-A46S	35	25	0	10	24	0	39	27
TCGA-62-A46U	11	0	0	7	7	4	21	2
TCGA-62-A46V	7	1	0	4	9	9	30	11
TCGA-62-A46Y	7	0	0	0	8	0	18	7
TCGA-62-A470	36	11	0	10	35	8	42	5
TCGA-62-A471	0	5	5	74	0	31	16	17
TCGA-62-A472	0	8	0	2	41	0	12	9
TCGA-64-1676	306	123	155	15	89	6	35	13
TCGA-64-1677	7	21	95	99	0	21	24	0
TCGA-64-1679	346	70	43	53	97	0	17	10
TCGA-64-1680	13	0	0	31	3	0	28	3
TCGA-64-1681	0	1	0	24	36	0	9	36
TCGA-64-5774	76	29	0	7	9	33	22	0
TCGA-64-5775	162	121	237	25	0	7	38	2
TCGA-64-5778	240	80	122	38	30	28	25	21
TCGA-64-5779	176	93	0	14	49	73	31	2
TCGA-64-5781	576	194	0	141	394	0	32	80
TCGA-64-5815	40	32	110	4	2	0	24	2
TCGA-67-3770	81	42	59	4	34	24	16	13
TCGA-67-3771	268	152	28	361	356	129	22	21
TCGA-67-3772	8	0	10	6	0	22	29	4
TCGA-67-3773	46	19	0	1	28	6	17	11
TCGA-67-3774	1	14	87	7	30	0	6	6
TCGA-67-4679	130	41	105	10	51	0	19	9
TCGA-67-6215	0	0	0	0	0	2	2	133
TCGA-67-6216	0	3	0	14	14	7	9	0
TCGA-67-6217	84	38	0	9	37	20	28	23
TCGA-69-7760	13	0	8	5	0	22	24	16
TCGA-69-7761	14	0	0	0	0	8	6	8
TCGA-69-7763	4	13	14	0	7	18	38	8
TCGA-69-7764	35	3	8	8	2	41	17	3
TCGA-69-7765	262	127	150	74	69	45	2	26
TCGA-69-7973	146	64	3	13	28	15	31	11
TCGA-69-7974	200	111	82	33	143	39	38	0
TCGA-69-7978	279	85	47	223	62	49	28	0
TCGA-69-7979	836	347	334	105	113	0	73	0
TCGA-69-7980	267	130	226	207	49	80	18	0
TCGA-69-8253	77	20	0	28	52	0	18	15
TCGA-69-8254	15	4	1	0	43	0	24	10
TCGA-69-8255	58	41	60	40	49	43	28	48
TCGA-69-A59K	343	105	0	49	44	0	70	26
TCGA-71-6725	9	5	0	6	5	7	43	6
TCGA-71-8520	20	3	0	21	0	20	38	3
TCGA-73-4658	94	42	34	159	24	11	39	46
TCGA-73-4659	142	21	13	9	66	0	20	3
TCGA-73-4662	72	40	110	18	6	0	20	11
TCGA-73-4666	151	72	160	22	0	20	31	31
TCGA-73-4668	301	70	174	15	5	53	32	0
TCGA-73-4670	83	77	73	16	106	13	26	58
TCGA-73-4675	0	13	4	5	12	32	13	6
TCGA-73-4676	0	8	38	0	14	21	18	15
TCGA-73-4677	126	43	0	12	75	20	22	13
TCGA-73-7498	28	22	1	0	60	4	22	4
TCGA-73-7499	0	1	5	19	25	14	21	0
TCGA-73-A9RS	584	213	43	75	175	43	21	20
TCGA-75-5122	25	14	0	32	56	8	33	0
TCGA-75-5125	66	8	5	51	31	27	27	0
TCGA-75-5126	321	87	118	217	0	36	24	15
TCGA-75-5146	97	45	0	9	64	9	3	12
TCGA-75-5147	0	1	0	12	0	9	18	7
TCGA-75-6203	0	1	4	0	1	0	13	0
TCGA-75-6205	0	4	11	8	12	6	8	13
TCGA-75-6206	33	4	0	16	41	12	3	0
TCGA-75-6207	0	3	21	18	4	20	18	0
TCGA-75-6211	220	54	61	23	35	37	30	0
TCGA-75-6212	0	1	0	2	8	0	10	2
TCGA-75-6214	202	110	216	210	96	31	37	1
TCGA-75-7025	0	2	0	6	0	10	20	5
TCGA-75-7027	122	37	54	5	65	1	19	10
TCGA-75-7030	2	2	0	0	3	0	11	1
TCGA-75-7031	54	17	111	24	0	15	30	15
TCGA-78-7145	112	36	0	16	73	0	21	0
TCGA-78-7146	150	74	45	124	39	12	44	17
TCGA-78-7147	69	49	106	49	62	29	34	40
TCGA-78-7148	66	50	1	3	103	29	19	18
TCGA-78-7149	0	11	34	97	33	7	14	4
TCGA-78-7150	34	39	112	166	99	0	38	33
TCGA-78-7152	59	13	43	104	3	20	16	2
TCGA-78-7153	4	8	46	30	26	0	43	3
TCGA-78-7154	31	16	12	126	18	42	60	28
TCGA-78-7155	704	297	471	145	0	134	28	89
TCGA-78-7156	84	37	33	164	44	0	33	32
TCGA-78-7158	120	77	0	46	44	9	21	23
TCGA-78-7159	113	101	124	11	0	24	31	16
TCGA-78-7160	16	11	0	4	21	11	6	3
TCGA-78-7161	89	43	25	15	0	37	26	15
TCGA-78-7162	14	7	0	17	51	0	8	6
TCGA-78-7163	28	27	0	2	0	0	13	0
TCGA-78-7166	112	53	20	7	31	14	12	28
TCGA-78-7167	44	12	0	43	5	18	28	5
TCGA-78-7220	317	136	126	111	268	14	27	64
TCGA-78-7535	19	33	90	0	4	25	10	43
TCGA-78-7536	394	195	0	5	66	77	39	70
TCGA-78-7537	16	11	112	16	0	0	5	11
TCGA-78-7539	54	42	90	338	0	52	38	0
TCGA-78-7540	66	255	0	2	0	0	22	0
TCGA-78-7542	183	89	45	37	27	14	35	49
TCGA-78-7633	49	80	0	7	49	8	10	0
TCGA-78-8640	284	84	161	145	47	99	51	46
TCGA-78-8648	0	2	11	0	0	0	4	0
TCGA-78-8655	36	21	0	7	22	12	27	8
TCGA-78-8660	76	20	22	44	102	5	23	16
TCGA-78-8662	475	191	430	97	47	108	39	57
TCGA-80-5607	6	2	0	121	0	5	6	20
TCGA-80-5608	240	225	0	10	0	0	22	0
TCGA-80-5611	31	14	27	7	86	58	9	17
TCGA-83-5908	55	30	77	104	0	17	12	0
TCGA-86-6562	0	5	17	26	0	6	18	4
TCGA-86-6851	325	183	430	133	0	74	0	0
TCGA-86-7701	0	276	240	8	34	0	12	0
TCGA-86-7711	176	43	0	117	51	108	49	20
TCGA-86-7713	64	80	0	5	216	0	25	9
TCGA-86-7714	0	6	67	3	0	3	9	3
TCGA-86-7953	15	1	10	8	0	16	9	6
TCGA-86-7954	64	30	2	49	58	34	39	15
TCGA-86-7955	37	54	113	26	82	12	20	37
TCGA-86-8054	149	15	0	14	29	19	23	27
TCGA-86-8055	0	1	19	3	0	0	31	11
TCGA-86-8056	57	12	0	172	41	0	27	33
TCGA-86-8073	871	334	266	110	112	80	37	47
TCGA-86-8074	8	4	0	2	23	2	13	27
TCGA-86-8075	0	1	11	6	0	14	27	3
TCGA-86-8076	0	9	0	23	28	1	23	0
TCGA-86-8278	0	0	0	113	0	3	20	9
TCGA-86-8279	360	86	0	21	0	131	24	17
TCGA-86-8280	0	2	0	1	39	2	11	0
TCGA-86-8281	63	65	75	44	9	50	32	0
TCGA-86-8358	443	191	569	37	20	0	80	41
TCGA-86-8359	61	21	73	11	0	0	20	15
TCGA-86-8585	166	83	265	132	0	55	13	0
TCGA-86-8668	7	0	0	4	0	1	27	8
TCGA-86-8669	5	16	77	12	29	0	29	2
TCGA-86-8671	3	0	0	12	14	1	14	3
TCGA-86-8672	91	61	0	41	130	0	31	24
TCGA-86-8673	184	74	92	45	130	44	11	27
TCGA-86-8674	204	60	0	43	0	28	17	34
TCGA-86-A456	134	76	105	36	18	46	16	23
TCGA-86-A4JF	124	116	0	151	0	768	466	29
TCGA-86-A4P7	0	0	14	27	21	6	17	0
TCGA-86-A4P8	0	0	0	0	2	0	0	0
TCGA-91-6828	298	106	0	55	154	17	48	24
TCGA-91-6829	144	124	219	49	192	69	7	19
TCGA-91-6830	0	36	39	240	0	30	1	0
TCGA-91-6831	110	30	0	9	118	60	19	0
TCGA-91-6835	36	6	0	21	0	40	10	3
TCGA-91-6836	243	148	75	27	73	42	39	8
TCGA-91-6840	3	34	27	87	0	7	20	0
TCGA-91-6847	8	21	0	18	15	16	41	3
TCGA-91-6848	179	122	187	112	84	90	5	6
TCGA-91-6849	50	29	11	7	34	11	7	8
TCGA-91-7771	40	25	0	18	108	22	7	31
TCGA-91-8496	0	1	9	4	7	1	20	0
TCGA-91-8497	2	3	0	3	29	0	16	3
TCGA-91-8499	84	38	22	110	68	30	30	15
TCGA-91-A4BC	266	71	85	24	42	20	42	13
TCGA-91-A4BD	0	0	0	2	0	11	11	3
TCGA-93-7347	39	24	15	10	35	16	7	0
TCGA-93-7348	78	19	0	33	0	61	48	32
TCGA-93-8067	40	27	9	523	0	0	39	37
TCGA-93-A4JN	0	7	19	13	9	7	26	17
TCGA-93-A4JO	1	1	4	14	14	24	8	0
TCGA-93-A4JP	17	0	0	26	0	11	16	13
TCGA-93-A4JQ	0	0	27	65	0	50	3	0
TCGA-95-7039	613	281	413	74	0	120	45	74
TCGA-95-7043	667	239	51	62	264	6	68	0
TCGA-95-7562	283	73	0	8	53	17	32	0
TCGA-95-7567	156	112	0	5	0	648	205	21
TCGA-95-7944	10	6	0	237	41	0	7	8
TCGA-95-7947	170	28	0	239	88	82	23	37
TCGA-95-7948	0	1	0	162	0	0	20	1
TCGA-95-8039	13	10	0	21	12	29	21	12
TCGA-95-8494	7	1	0	67	0	1	35	22
TCGA-95-A4VK	146	43	0	6	72	0	40	11
TCGA-95-A4VN	312	70	58	46	63	13	21	9
TCGA-95-A4VP	13	22	101	3	0	9	12	1
TCGA-97-7546	100	62	106	13	44	14	16	0
TCGA-97-7547	26	29	93	64	0	0	22	0
TCGA-97-7552	0	3	12	0	0	9	22	8
TCGA-97-7553	10	4	0	2	16	0	19	0
TCGA-97-7554	299	59	0	16	94	49	33	24
TCGA-97-7937	202	108	80	31	72	23	48	0
TCGA-97-7938	142	88	152	58	0	41	25	0
TCGA-97-7941	56	7	0	18	0	13	22	7
TCGA-97-8171	7	2	0	0	22	8	34	0
TCGA-97-8172	55	48	157	1	4	0	49	17
TCGA-97-8174	75	25	0	30	18	26	39	0
TCGA-97-8175	7	0	0	2	21	0	7	4
TCGA-97-8176	20	16	14	54	55	0	25	14
TCGA-97-8177	0	1	0	5	13	9	10	10
TCGA-97-8179	110	19	0	11	51	12	3	3
TCGA-97-8547	4	2	0	16	0	10	27	12
TCGA-97-8552	3	1	0	1	8	7	9	0
TCGA-97-A4LX	71	22	93	6	0	21	0	6
TCGA-97-A4M0	199	59	6	76	60	84	2	14
TCGA-97-A4M1	10	2	0	13	0	0	26	4
TCGA-97-A4M2	0	0	18	9	0	0	5	0
TCGA-97-A4M3	125	33	0	31	0	37	18	7
TCGA-97-A4M5	4	8	0	136	0	0	15	30
TCGA-97-A4M6	4	0	0	5	0	17	7	9
TCGA-97-A4M7	182	64	69	15	0	21	20	14
TCGA-99-7458	230	89	70	16	104	72	10	3
TCGA-99-8025	134	58	72	161	48	67	56	9
TCGA-99-8028	292	73	83	11	0	86	0	0
TCGA-99-8032	165	76	113	34	52	8	43	1
TCGA-99-8033	59	29	21	10	62	10	22	10
TCGA-99-AA5R	7	11	54	0	0	0	0	1
TCGA-J2-8192	3	0	11	9	24	16	28	1
TCGA-J2-8194	4	17	114	8	3	0	37	9
TCGA-J2-A4AD	68	17	58	174	0	92	11	0
TCGA-J2-A4AE	0	0	17	14	5	4	19	3
TCGA-J2-A4AG	36	13	0	7	23	7	28	0
TCGA-L4-A4E5	165	66	122	11	0	8	19	30
TCGA-L4-A4E6	0	5	9	6	0	0	1	0
TCGA-L9-A443	91	42	66	12	57	21	5	13
TCGA-L9-A444	322	118	68	15	136	0	22	20
TCGA-L9-A50W	6	0	0	6	7	0	6	11
TCGA-L9-A5IP	79	57	173	21	0	5	12	7
TCGA-L9-A743	23	20	31	69	0	20	6	0
TCGA-L9-A7SV	907	433	546	57	0	32	54	0
TCGA-L9-A8F4	445	114	45	73	192	82	12	10
TCGA-MN-A4N1	239	84	11	30	141	24	50	10
TCGA-MN-A4N4	762	246	218	424	64	57	53	56
TCGA-MN-A4N5	239	87	0	45	65	79	17	33
TCGA-MP-A4SV	97	36	0	147	104	28	23	6
TCGA-MP-A4SW	3	3	0	11	23	3	40	4
TCGA-MP-A4SY	18	12	52	24	86	8	18	0
TCGA-MP-A4T4	151	91	77	32	53	49	16	17
TCGA-MP-A4T6	0	1	0	23	40	0	27	3
TCGA-MP-A4T7	64	31	20	3	12	0	19	11
TCGA-MP-A4T8	3	29	67	9	0	10	18	14
TCGA-MP-A4T9	0	5	7	10	19	0	3	2
TCGA-MP-A4TA	89	59	158	35	11	75	27	2
TCGA-MP-A4TC	113	52	91	28	0	15	15	13
TCGA-MP-A4TD	28	12	0	3	32	7	20	0
TCGA-MP-A4TE	32	22	54	3	0	0	61	2
TCGA-MP-A4TF	239	73	45	22	87	41	18	23
TCGA-MP-A4TH	40	2	12	0	36	15	23	12
TCGA-MP-A4TI	55	16	0	153	0	5	19	70
TCGA-MP-A4TJ	15	11	47	0	0	14	19	9
TCGA-MP-A4TK	141	62	105	65	27	16	6	22
TCGA-MP-A5C7	15	5	24	3	0	26	19	5
TCGA-NJ-A4YF	427	120	26	25	134	23	22	7
TCGA-NJ-A4YG	45	15	9	45	27	14	36	8
TCGA-NJ-A4YI	151	109	153	29	26	45	32	14
TCGA-NJ-A4YP	117	26	7	415	9	0	13	105
TCGA-NJ-A4YQ	475	253	452	24	48	114	8	19
TCGA-NJ-A55A	59	18	12	7	26	19	6	0
TCGA-NJ-A55O	88	17	39	11	0	0	11	0
TCGA-NJ-A55R	153	34	0	12	70	44	7	6
TCGA-NJ-A7XG	0	2	20	0	0	0	20	0
TCGA-O1-A52J	44	46	16	11	48	30	18	0
TCGA-S2-AA1A	62	21	14	3	25	10	9	0
