Samples	SBS96A	SBS96B	SBS96C	SBS96D	SBS96E	SBS96F	SBS96G	SBS96H
TCGA-05-4244	2.46E+00	8.64E-01	2.62E+00	5.65E-01	1.98E+00	1.45E+00	9.80E-01	1.74E-01
TCGA-05-4249	3.75E+00	1.06E+00	4.04E+00	8.50E-01	2.65E+00	1.75E+00	1.15E+00	8.47E-01
TCGA-05-4250	3.25E+00	1.37E+00	3.81E+00	1.13E+00	2.82E+00	1.99E+00	1.13E+00	1.20E+00
TCGA-05-4382	1.89E+01	5.65E+00	2.01E+01	2.83E+00	8.35E+00	2.85E+00	1.88E+00	1.87E+00
TCGA-05-4384	1.87E+00	6.00E-01	2.18E+00	5.59E-01	1.61E+00	1.16E+00	7.79E-01	9.74E-01
TCGA-05-4389	1.39E+00	7.65E-01	2.04E+00	1.20E+00	2.19E+00	1.96E+00	1.20E+00	1.18E+00
TCGA-05-4390	6.17E+00	2.41E+00	6.60E+00	7.54E-01	4.25E+00	2.10E+00	1.35E+00	1.16E+00
TCGA-05-4395	2.81E+00	8.39E-01	3.40E+00	1.59E+00	2.36E+00	1.26E+00	1.05E+00	1.25E+00
TCGA-05-4396	9.79E+00	8.93E+00	2.72E+00	1.01E+00	2.72E+00	5.48E-01	9.52E-01	1.10E+00
TCGA-05-4397	6.30E+00	2.21E+00	5.62E+00	2.26E+00	4.40E+00	4.22E+00	1.44E+00	2.02E+00
TCGA-05-4398	7.66E+00	2.09E+00	7.46E+00	1.49E+00	4.54E+00	2.47E+00	1.63E+00	1.55E+00
TCGA-05-4402	5.19E-01	2.52E-01	1.01E+00	1.07E+00	1.24E+00	1.13E+00	5.18E-01	8.57E-01
TCGA-05-4403	1.60E+00	5.70E-01	1.88E+00	4.60E-01	1.71E+00	1.38E+00	1.00E+00	5.45E-01
TCGA-05-4405	3.74E+00	1.62E+00	3.73E+00	8.67E-01	2.75E+00	1.67E+00	1.13E+00	1.30E+00
TCGA-05-4410	1.05E+01	3.46E+00	1.19E+01	2.33E+00	6.45E+00	3.49E+00	1.66E+00	1.62E+00
TCGA-05-4415	3.16E+00	1.00E+00	3.12E+00	5.06E-01	1.86E+00	1.20E+00	7.01E-01	3.47E-01
TCGA-05-4417	3.93E+00	1.32E+00	4.19E+00	4.91E-01	2.85E+00	1.52E+00	8.07E-01	7.32E-01
TCGA-05-4418	2.81E+00	1.11E+00	3.51E+00	7.06E-01	2.90E+00	2.29E+00	1.09E+00	1.24E+00
TCGA-05-4420	3.28E+00	1.27E+00	3.15E+00	7.19E-01	2.49E+00	1.80E+00	9.24E-01	7.68E-01
TCGA-05-4422	6.56E-01	1.69E-01	6.73E-01	5.37E-01	7.22E-01	4.16E-01	4.15E-01	3.20E-01
TCGA-05-4424	6.69E+00	2.84E+00	6.74E+00	1.77E+00	3.94E+00	2.36E+00	1.36E+00	1.37E+00
TCGA-05-4425	2.47E-01	0.00E+00	4.71E-01	2.57E-01	5.12E-01	4.43E-01	4.92E-01	3.62E-01
TCGA-05-4426	5.39E-01	2.09E-01	6.26E-01	2.64E-01	7.02E-01	5.81E-01	6.43E-01	5.27E-01
TCGA-05-4427	9.86E+00	3.03E+00	9.63E+00	1.47E+00	5.44E+00	3.51E+00	1.54E+00	2.47E+00
TCGA-05-4430	3.92E+00	1.16E+00	3.70E+00	7.35E-01	2.42E+00	1.68E+00	7.75E-01	5.31E-01
TCGA-05-4432	6.43E+00	1.85E+00	6.04E+00	1.09E+00	4.16E+00	2.92E+00	1.55E+00	1.34E+00
TCGA-05-4433	1.66E-01	1.26E-01	3.43E-01	2.02E-01	3.28E-01	5.42E-01	6.28E-01	2.98E-01
TCGA-05-4434	3.03E-01	0.00E+00	7.47E-01	4.06E-01	8.76E-01	6.67E-01	6.13E-01	4.73E-01
TCGA-05-5420	1.34E+00	4.23E-01	1.44E+00	3.96E-01	1.24E+00	9.52E-01	7.86E-01	5.59E-01
TCGA-05-5423	1.95E+00	7.99E-01	1.93E+00	5.57E-01	1.39E+00	9.86E-01	8.48E-01	6.42E-01
TCGA-05-5425	6.82E+00	1.85E+00	6.50E+00	1.05E+00	4.29E+00	2.27E+00	1.34E+00	1.03E+00
TCGA-05-5428	3.94E+00	1.49E+00	4.07E+00	2.20E+00	3.05E+00	9.57E-01	1.01E+00	1.80E+00
TCGA-05-5429	3.08E-01	0.00E+00	3.83E-01	3.39E-01	4.38E-01	3.62E-01	5.08E-01	4.19E-01
TCGA-05-5715	6.78E-01	2.98E-01	7.20E-01	1.00E+00	8.45E-01	5.14E-01	7.54E-01	4.95E-01
TCGA-35-3615	1.30E+00	6.32E-01	1.12E+00	1.03E+00	1.04E+00	6.46E-01	5.90E-01	6.84E-01
TCGA-35-4122	3.09E+00	1.06E+00	3.32E+00	9.09E-01	3.47E+00	3.10E+00	1.01E+00	1.87E+00
TCGA-35-4123	3.85E+00	1.27E+00	4.03E+00	5.78E-01	2.89E+00	1.91E+00	8.21E-01	5.72E-01
TCGA-35-5375	4.21E+00	1.26E+00	4.22E+00	9.55E-01	2.90E+00	2.40E+00	1.17E+00	1.46E+00
TCGA-38-4625	6.72E+00	2.24E+00	7.28E+00	1.96E+00	4.15E+00	1.45E+00	1.04E+00	1.34E+00
TCGA-38-4626	4.26E+00	1.14E+00	4.54E+00	5.59E-01	2.30E+00	1.11E+00	4.83E-01	9.40E-01
TCGA-38-4627	2.96E-01	2.31E-01	4.79E-01	2.42E-01	4.51E-01	4.43E-01	4.52E-01	2.58E-01
TCGA-38-4628	1.64E+00	4.67E-01	1.74E+00	6.50E-01	1.82E+00	1.13E+00	8.46E-01	6.08E-01
TCGA-38-4629	2.98E+00	9.27E-01	3.36E+00	8.66E-01	2.44E+00	1.71E+00	1.00E+00	1.11E+00
TCGA-38-4630	7.36E-01	4.15E-01	7.98E-01	9.93E-01	1.18E+00	4.97E-01	8.07E-01	9.66E-01
TCGA-38-4631	9.26E+00	2.31E+00	9.02E+00	1.15E+00	5.91E+00	3.04E+00	1.27E+00	1.29E+00
TCGA-38-4632	5.49E+00	1.57E+00	5.29E+00	1.12E+00	4.17E+00	2.25E+00	1.33E+00	1.17E+00
TCGA-38-6178	1.12E+00	2.59E-01	1.10E+00	6.00E-01	1.26E+00	5.90E-01	5.96E-01	7.98E-01
TCGA-38-7271	1.66E+00	5.25E-01	1.58E+00	7.52E-01	1.04E+00	5.82E-01	3.18E-01	1.97E-01
TCGA-38-A44F	2.44E-01	1.41E-02	2.24E-01	1.17E-01	3.77E-01	2.68E-01	3.75E-01	2.68E-01
TCGA-44-2655	3.27E+00	1.05E+00	3.31E+00	5.60E-01	1.95E+00	1.03E+00	5.30E-01	5.07E-01
TCGA-44-2656	1.82E+01	6.68E+00	2.09E+01	1.78E+00	1.08E+01	5.56E+00	2.49E+00	1.50E+00
TCGA-44-2657	8.64E+00	3.30E+00	8.48E+00	1.84E+00	5.77E+00	3.24E+00	2.01E+00	1.13E+00
TCGA-44-2659	8.85E+00	3.28E+00	9.78E+00	1.19E+00	5.92E+00	2.52E+00	1.68E+00	8.88E-01
TCGA-44-2661	5.69E-01	1.41E-01	1.56E+00	5.00E-01	2.01E+00	1.29E+00	1.16E+00	9.14E-01
TCGA-44-2662	2.71E+00	7.00E-01	2.60E+00	3.17E+00	3.47E+00	1.53E+00	8.70E-01	2.09E+00
TCGA-44-2665	2.97E-01	2.34E-01	1.16E+00	8.80E-01	1.29E+00	1.93E+00	1.20E+00	1.67E+00
TCGA-44-2666	1.41E-02	1.76E-01	6.60E-01	4.86E-01	9.46E-01	1.36E+00	1.23E+00	8.52E-01
TCGA-44-2668	8.25E+00	2.83E+00	8.40E+00	1.93E+00	5.07E+00	2.85E+00	9.80E-01	1.47E+00
TCGA-44-3396	3.17E+00	7.52E-01	4.13E+00	2.01E+00	2.99E+00	1.90E+00	1.41E+00	1.71E+00
TCGA-44-3398	3.41E+00	1.20E+00	3.93E+00	1.39E+00	2.73E+00	2.92E+00	1.49E+00	1.07E+00
TCGA-44-3918	2.00E+01	7.33E+00	2.32E+01	2.49E+00	1.16E+01	6.40E+00	2.40E+00	1.68E+00
TCGA-44-3919	6.29E-01	2.33E-01	1.51E+00	8.19E-01	1.81E+00	1.56E+00	9.94E-01	3.22E-01
TCGA-44-4112	8.45E+00	3.63E+00	9.46E+00	2.54E+00	5.92E+00	3.37E+00	1.57E+00	2.28E+00
TCGA-44-5643	3.21E+00	7.37E-01	3.62E+00	1.24E+00	3.45E+00	1.24E+00	1.67E+00	1.09E+00
TCGA-44-5644	2.06E+01	5.74E+00	2.14E+01	2.41E+00	1.27E+01	5.41E+00	2.29E+00	1.83E+00
TCGA-44-5645	4.08E-01	0.00E+00	1.11E+00	0.00E+00	1.44E+00	1.36E+00	9.80E-01	7.66E-01
TCGA-44-6144	4.87E+00	1.50E+00	4.86E+00	9.59E-01	3.97E+00	2.93E+00	1.08E+00	1.83E+00
TCGA-44-6145	9.20E+00	2.56E+00	9.96E+00	9.76E-01	5.85E+00	2.57E+00	1.07E+00	1.54E+00
TCGA-44-6146	5.58E-01	3.12E-01	1.09E+00	3.23E-01	1.59E+00	1.03E+00	1.04E+00	8.38E-01
TCGA-44-6147	3.67E+00	1.05E+00	4.06E+00	6.64E-01	3.28E+00	1.53E+00	1.08E+00	1.39E+00
TCGA-44-6148	1.74E-01	1.45E-01	2.93E-01	0.00E+00	4.09E-01	5.21E-01	4.08E-01	5.37E-02
TCGA-44-6774	9.63E+00	2.17E+00	1.00E+01	8.55E-01	5.07E+00	2.80E+00	1.08E+00	1.18E+00
TCGA-44-6775	9.60E-01	5.24E-01	2.31E+00	6.51E-01	1.99E+00	2.06E+00	9.70E-01	6.13E-01
TCGA-44-6776	5.72E+00	1.63E+00	6.51E+00	7.53E-01	3.87E+00	2.30E+00	1.41E+00	9.16E-01
TCGA-44-6777	5.89E+00	2.09E+00	6.66E+00	2.80E+00	5.57E+00	3.66E+00	1.61E+00	2.23E+00
TCGA-44-6778	8.33E+00	2.37E+00	8.57E+00	1.13E+00	5.63E+00	4.44E+00	1.47E+00	2.10E+00
TCGA-44-6779	1.49E+00	6.08E-01	1.38E+00	5.82E-01	1.41E+00	7.34E-01	9.34E-01	5.82E-01
TCGA-44-7659	3.84E+00	1.25E+00	3.86E+00	7.77E-01	3.43E+00	2.79E+00	1.12E+00	1.01E+00
TCGA-44-7660	6.32E+00	1.65E+00	9.22E+00	1.79E+00	8.93E+00	7.07E+00	1.94E+00	1.62E+00
TCGA-44-7661	5.96E+00	2.24E+00	6.89E+00	1.69E+00	4.78E+00	2.71E+00	1.18E+00	8.34E-01
TCGA-44-7662	1.14E+01	3.14E+00	1.12E+01	2.09E+00	6.14E+00	3.53E+00	1.68E+00	1.83E+00
TCGA-44-7667	1.07E+01	2.43E+00	1.08E+01	1.39E+00	6.83E+00	3.78E+00	1.68E+00	1.98E+00
TCGA-44-7669	9.99E+00	2.63E+00	9.70E+00	1.36E+00	6.94E+00	5.13E+00	1.96E+00	2.28E+00
TCGA-44-7670	2.20E+01	7.06E+00	2.49E+01	3.74E+00	1.21E+01	4.28E+00	2.62E+00	3.03E+00
TCGA-44-7671	5.93E+00	1.39E+00	5.94E+00	9.13E-01	4.22E+00	2.66E+00	1.77E+00	8.29E-01
TCGA-44-7672	5.61E+00	1.12E+00	6.06E+00	9.97E-01	2.93E+00	1.85E+00	1.06E+00	6.77E-01
TCGA-44-8117	7.03E+00	2.60E+00	7.22E+00	1.11E+00	3.91E+00	2.57E+00	1.41E+00	8.88E-01
TCGA-44-8119	5.65E+00	2.24E+00	5.26E+00	8.99E-01	3.75E+00	2.39E+00	1.64E+00	1.52E+00
TCGA-44-8120	7.57E+00	2.03E+00	7.83E+00	1.01E+00	4.75E+00	2.39E+00	1.33E+00	1.03E+00
TCGA-44-A479	3.96E+00	1.56E+00	4.00E+00	7.02E-01	2.75E+00	1.43E+00	9.93E-01	6.68E-01
TCGA-44-A47A	1.90E+00	6.03E-01	1.84E+00	1.31E+00	1.87E+00	1.19E+00	1.04E+00	6.52E-01
TCGA-44-A47B	6.54E-01	2.77E-01	7.57E-01	2.27E-01	6.71E-01	5.87E-01	6.69E-01	5.99E-01
TCGA-44-A47G	7.15E-01	3.97E-01	1.15E+00	6.71E-01	9.92E-01	8.89E-01	7.31E-01	6.85E-01
TCGA-44-A4SS	4.44E+00	1.83E+00	4.37E+00	1.20E+00	3.43E+00	2.27E+00	1.15E+00	1.14E+00
TCGA-44-A4SU	2.36E+00	6.09E-01	2.18E+00	4.33E-01	1.69E+00	1.32E+00	1.09E+00	4.73E-01
TCGA-49-4486	1.08E+00	4.44E-01	1.43E+00	1.59E+00	1.70E+00	8.68E-01	7.71E-01	1.03E+00
TCGA-49-4487	4.40E+00	1.38E+00	4.68E+00	9.94E-01	2.89E+00	1.81E+00	8.19E-01	1.12E+00
TCGA-49-4488	3.32E+00	1.22E+00	3.30E+00	8.06E-01	1.87E+00	1.34E+00	6.72E-01	1.31E+00
TCGA-49-4490	1.16E-01	1.90E-01	7.45E-01	4.98E-01	7.01E-01	9.97E-01	8.74E-01	1.75E-01
TCGA-49-4494	2.82E+00	8.46E-01	3.05E+00	5.72E-01	2.02E+00	6.93E-01	7.97E-01	3.88E-01
TCGA-49-4501	3.05E-01	2.00E-01	3.57E-01	5.18E-01	6.10E-01	7.94E-01	7.90E-01	7.07E-01
TCGA-49-4505	3.33E+00	8.61E-01	3.48E+00	6.81E-01	1.76E+00	1.25E+00	8.85E-01	8.50E-01
TCGA-49-4506	1.76E+00	6.00E-01	1.92E+00	3.77E-01	1.33E+00	1.39E+00	7.12E-01	7.74E-01
TCGA-49-4507	2.40E+00	6.08E-01	2.66E+00	9.74E-01	2.27E+00	1.09E+00	9.81E-01	9.95E-01
TCGA-49-4510	7.90E-01	6.41E-01	9.20E-01	3.10E-01	8.78E-01	9.31E-01	3.10E-01	1.81E-01
TCGA-49-4512	5.50E-01	2.29E-01	6.18E-01	3.45E-01	6.75E-01	5.01E-01	5.98E-01	3.63E-01
TCGA-49-4514	3.35E+00	1.03E+00	3.80E+00	1.83E+00	2.48E+00	1.57E+00	1.05E+00	1.23E+00
TCGA-49-6742	1.67E+00	5.74E-01	1.22E+00	2.20E+00	2.45E+00	7.96E-01	1.16E+00	1.58E+00
TCGA-49-6743	5.93E+00	1.93E+00	6.09E+00	2.62E+00	5.95E+00	3.70E+00	1.25E+00	2.88E+00
TCGA-49-6744	3.40E+00	1.12E+00	2.99E+00	5.60E-01	2.38E+00	1.14E+00	6.96E-01	5.94E-01
TCGA-49-6745	3.77E-01	3.61E-01	8.16E-01	1.30E+00	1.30E+00	1.19E+00	9.52E-01	7.97E-01
TCGA-49-6761	3.24E+00	2.95E+00	1.74E+00	1.37E+00	1.66E+00	1.43E+00	8.44E-01	1.15E+00
TCGA-49-6767	5.64E+00	1.81E+00	5.45E+00	9.11E-01	3.30E+00	2.36E+00	8.92E-01	1.12E+00
TCGA-49-AAQV	5.76E-01	1.18E-01	7.93E-01	6.95E-01	8.55E-01	8.24E-01	6.96E-01	2.55E-01
TCGA-49-AAR0	1.90E+00	5.62E-01	2.05E+00	7.15E-01	1.81E+00	9.65E-01	7.00E-01	9.26E-01
TCGA-49-AAR2	5.27E+00	1.59E+00	5.33E+00	6.27E-01	3.15E+00	1.84E+00	8.66E-01	6.58E-01
TCGA-49-AAR3	1.76E+00	6.29E-01	1.60E+00	5.37E-01	1.53E+00	1.32E+00	8.91E-01	5.45E-01
TCGA-49-AAR4	5.34E+00	1.78E+00	5.76E+00	1.99E+00	3.59E+00	1.80E+00	6.71E-01	1.23E+00
TCGA-49-AAR9	8.04E+00	1.84E+00	7.63E+00	9.31E-01	5.29E+00	2.28E+00	1.45E+00	9.07E-01
TCGA-49-AARE	1.31E+01	4.46E+00	1.36E+01	1.94E+00	7.35E+00	3.82E+00	1.95E+00	1.68E+00
TCGA-49-AARN	5.98E+00	1.69E+00	5.79E+00	2.02E+00	5.05E+00	6.37E+00	2.35E-01	7.06E+00
TCGA-49-AARO	7.37E+00	2.69E+00	7.92E+00	9.99E-01	3.93E+00	1.59E+00	3.76E-01	4.94E-01
TCGA-49-AARQ	7.96E+00	2.17E+00	7.93E+00	2.01E+00	4.76E+00	2.20E+00	1.09E+00	1.22E+00
TCGA-49-AARR	8.57E-02	0.00E+00	1.15E-01	0.00E+00	6.94E-02	9.90E-02	1.12E-01	3.00E-02
TCGA-4B-A93V	2.00E+00	7.77E-01	2.02E+00	6.08E-01	1.49E+00	1.29E+00	6.14E-01	4.66E-01
TCGA-50-5044	3.49E-01	4.67E-01	6.84E-01	1.29E+00	1.28E+00	7.51E-01	5.02E-01	9.27E-01
TCGA-50-5045	4.32E+00	1.47E+00	4.29E+00	6.24E-01	2.12E+00	1.26E+00	3.09E-01	3.04E-01
TCGA-50-5049	8.57E+00	2.97E+00	8.90E+00	1.19E+00	5.40E+00	3.80E+00	2.94E-01	6.78E-01
TCGA-50-5051	1.39E+00	6.46E-01	1.85E+00	4.59E-01	1.61E+00	1.03E+00	8.36E-01	4.02E-01
TCGA-50-5055	6.08E-02	0.00E+00	2.78E-01	2.31E-01	2.75E-01	3.04E-01	4.55E-01	2.94E-01
TCGA-50-5066	7.59E+00	1.52E+00	6.69E+00	1.17E+00	6.06E+00	3.16E+00	1.21E+00	2.37E+00
TCGA-50-5068	1.33E+00	4.31E-01	1.58E+00	4.02E-01	1.13E+00	1.03E+00	8.03E-01	4.14E-01
TCGA-50-5072	2.30E+00	8.81E-01	2.28E+00	7.85E-01	2.09E+00	1.32E+00	7.52E-01	9.29E-01
TCGA-50-5930	1.27E+01	4.24E+00	1.42E+01	1.30E+00	7.14E+00	3.18E+00	1.26E+00	1.05E+00
TCGA-50-5931	2.93E+00	1.39E+00	3.28E+00	7.18E-01	2.33E+00	2.16E+00	7.87E-01	2.20E-01
TCGA-50-5932	1.52E+00	6.19E-01	1.67E+00	2.35E-01	1.11E+00	5.41E-01	4.33E-01	6.18E-02
TCGA-50-5933	5.84E+00	1.74E+00	5.96E+00	1.28E+00	3.24E+00	1.88E+00	1.48E+00	1.04E+00
TCGA-50-5935	4.36E-01	0.00E+00	9.04E-01	8.71E-01	1.23E+00	1.09E+00	7.96E-01	5.61E-01
TCGA-50-5936	1.14E+00	3.24E-01	1.11E+00	9.95E-01	1.31E+00	7.45E-01	5.41E-01	9.42E-01
TCGA-50-5939	8.02E-01	1.96E-01	9.00E-01	6.88E-01	1.07E+00	1.05E+00	6.69E-01	1.03E+00
TCGA-50-5941	4.43E+00	1.37E+00	4.34E+00	9.89E-01	4.07E+00	2.60E+00	1.04E+00	8.59E-01
TCGA-50-5942	1.06E+00	3.85E-01	1.09E+00	1.40E-01	1.07E+00	6.70E-01	5.69E-01	6.76E-01
TCGA-50-5944	6.27E-01	2.55E-01	9.95E-01	4.55E-01	1.19E+00	6.38E-01	7.68E-01	4.06E-01
TCGA-50-5946	1.10E+01	3.57E+00	1.13E+01	3.39E+00	7.91E+00	4.89E+00	2.36E+00	2.70E+00
TCGA-50-6590	7.74E+00	2.89E+00	7.87E+00	2.35E+00	4.78E+00	3.24E+00	6.52E-01	1.73E+00
TCGA-50-6591	4.16E-01	3.30E-01	8.89E-01	4.02E-01	1.08E+00	6.71E-01	7.21E-01	5.43E-01
TCGA-50-6592	2.46E+00	8.84E-01	2.70E+00	1.09E+00	2.28E+00	2.05E+00	1.05E+00	1.24E+00
TCGA-50-6593	3.18E+00	1.26E+00	3.75E+00	7.52E-01	2.61E+00	1.89E+00	7.72E-01	1.37E+00
TCGA-50-6594	6.21E+00	2.11E+00	6.51E+00	1.11E+00	3.55E+00	2.08E+00	9.37E-01	9.73E-01
TCGA-50-6595	9.20E-01	4.27E-01	1.23E+00	7.90E-01	1.36E+00	1.06E+00	6.98E-01	6.29E-01
TCGA-50-6597	3.60E-01	9.15E-02	6.17E-01	5.74E-01	9.26E-01	5.37E-01	8.29E-01	8.43E-01
TCGA-50-6673	4.13E-01	6.13E-01	4.96E-01	4.10E-01	8.78E-01	8.12E-01	6.80E-01	5.56E-01
TCGA-50-7109	3.24E+00	8.85E-01	3.30E+00	6.02E-01	2.56E+00	1.53E+00	1.00E+00	5.66E-01
TCGA-50-8457	8.87E-01	3.46E-01	9.67E-01	3.90E-01	1.04E+00	7.40E-01	6.19E-01	4.15E-01
TCGA-50-8459	1.77E+00	5.43E-01	1.85E+00	3.84E-01	1.06E+00	7.41E-01	6.44E-01	4.71E-01
TCGA-50-8460	5.49E-02	1.82E-01	3.92E-01	3.50E-01	5.04E-01	5.28E-01	5.49E-01	6.31E-01
TCGA-53-7624	7.28E+00	2.24E+00	6.96E+00	2.20E+00	5.05E+00	3.20E+00	1.44E+00	1.62E+00
TCGA-53-7626	1.31E+01	1.36E+01	3.89E+00	1.07E+00	2.16E+00	1.62E+00	3.20E-01	5.91E-01
TCGA-53-7813	2.28E+00	7.15E-01	2.28E+00	2.29E-01	1.60E+00	1.21E+00	6.83E-01	4.60E-01
TCGA-53-A4EZ	5.55E+00	2.32E+00	5.99E+00	1.01E+00	4.44E+00	2.33E+00	1.23E+00	1.25E+00
TCGA-55-1592	4.87E+00	1.50E+00	4.75E+00	1.48E+00	4.48E+00	3.83E+00	1.42E+00	1.91E+00
TCGA-55-1594	1.52E+00	4.69E-01	1.68E+00	1.24E+00	1.87E+00	1.14E+00	9.57E-01	1.07E+00
TCGA-55-1595	4.06E+00	1.46E+00	4.31E+00	6.86E-01	2.63E+00	1.76E+00	8.46E-01	8.77E-01
TCGA-55-1596	1.95E+00	8.82E-01	2.38E+00	4.53E-01	2.46E+00	1.98E+00	8.15E-01	8.66E-01
TCGA-55-5899	4.36E+00	1.60E+00	4.66E+00	1.82E+00	2.64E+00	1.87E+00	1.19E+00	1.10E+00
TCGA-55-6543	2.43E-02	1.33E-01	2.89E-01	1.99E-01	3.48E-01	3.50E-01	3.45E-01	2.84E-01
TCGA-55-6642	1.85E+00	1.02E+00	1.82E+00	4.75E-01	1.31E+00	7.55E-01	7.69E-01	4.82E-01
TCGA-55-6712	1.06E+00	4.85E-01	1.22E+00	1.23E+00	1.32E+00	9.12E-01	7.96E-01	8.41E-01
TCGA-55-6968	3.03E+00	1.00E+00	2.94E+00	4.33E+00	4.01E+00	1.53E+00	8.13E-01	2.72E+00
TCGA-55-6969	4.87E+00	2.17E+00	5.48E+00	9.11E-01	3.87E+00	2.38E+00	4.31E-01	1.42E+00
TCGA-55-6970	2.86E+00	8.18E-01	2.73E+00	5.43E-01	1.71E+00	1.17E+00	6.63E-01	4.66E-01
TCGA-55-6971	2.61E+00	2.51E+00	1.50E+00	3.98E-01	1.33E+00	9.98E-01	4.53E-01	5.56E-01
TCGA-55-6972	3.03E+00	1.03E+00	3.13E+00	2.36E+00	2.97E+00	1.37E+00	9.06E-01	1.54E+00
TCGA-55-6975	1.25E+00	4.57E-01	1.18E+00	4.70E-01	9.79E-01	8.43E-01	6.02E-01	5.91E-01
TCGA-55-6978	6.67E-01	6.95E-01	7.27E-01	0.00E+00	7.19E-01	5.97E-01	5.35E-01	4.93E-01
TCGA-55-6979	8.46E+00	7.93E+00	1.40E+00	1.06E+00	1.37E+00	8.56E-01	6.50E-02	2.10E-01
TCGA-55-6980	2.74E-01	4.39E-01	3.28E-01	4.00E-02	5.11E-01	4.10E-01	3.79E-01	2.44E-01
TCGA-55-6981	2.73E+00	2.71E+00	2.78E-01	3.90E-01	5.39E-01	6.65E-01	7.42E-01	3.71E-01
TCGA-55-6982	5.83E-01	7.00E-01	9.27E-01	2.14E+00	2.09E+00	1.01E+00	9.34E-01	1.62E+00
TCGA-55-6983	1.49E+00	6.70E-01	1.63E+00	3.67E-01	1.35E+00	1.04E+00	8.62E-01	4.96E-01
TCGA-55-6984	3.97E-01	4.87E-01	5.29E-01	1.36E-01	6.09E-01	3.28E-01	5.16E-01	1.73E-01
TCGA-55-6985	5.33E+00	1.89E+00	5.29E+00	7.15E-01	3.74E+00	2.30E+00	1.06E+00	6.33E-01
TCGA-55-6986	1.82E-01	2.55E-01	2.90E-01	1.48E-01	5.09E-01	4.33E-01	5.91E-01	4.11E-02
TCGA-55-6987	2.86E+00	9.70E-01	2.83E+00	1.12E+00	1.62E+00	1.23E+00	6.84E-01	7.98E-01
TCGA-55-7227	1.98E+00	7.33E-01	2.28E+00	5.51E-01	1.75E+00	1.19E+00	8.09E-01	9.03E-01
TCGA-55-7281	1.33E+01	2.95E+00	1.51E+01	1.61E+00	1.06E+01	4.75E+00	1.62E+00	1.52E+00
TCGA-55-7283	4.39E+00	1.67E+00	5.36E+00	1.67E+00	4.63E+00	2.89E+00	2.37E+00	2.02E+00
TCGA-55-7284	1.39E-01	0.00E+00	4.63E-01	1.17E-01	4.98E-01	4.71E-01	6.59E-01	4.91E-01
TCGA-55-7570	7.84E+00	1.56E+00	7.62E+00	2.09E+00	7.07E+00	4.41E+00	1.57E+00	1.79E+00
TCGA-55-7573	8.78E-01	3.22E-01	1.01E+00	4.22E-01	9.20E-01	6.89E-01	3.93E-01	5.75E-01
TCGA-55-7574	5.14E+00	1.03E+00	6.04E+00	3.10E+00	5.90E+00	2.58E+00	6.00E-01	1.60E+00
TCGA-55-7576	7.26E+00	1.90E+00	8.36E+00	1.40E+00	6.23E+00	4.06E+00	2.28E+00	1.65E+00
TCGA-55-7724	2.12E+00	7.32E-01	2.49E+00	9.32E-01	2.53E+00	2.13E+00	1.09E+00	9.34E-01
TCGA-55-7725	1.96E+00	7.27E-01	2.23E+00	3.38E-01	1.23E+00	1.13E+00	5.89E-01	3.61E-01
TCGA-55-7726	7.16E-01	3.15E-01	9.32E-01	9.89E-01	1.10E+00	7.80E-01	7.50E-01	6.57E-01
TCGA-55-7727	2.37E+00	8.04E-01	2.50E+00	1.75E+00	2.42E+00	1.52E+00	9.29E-01	1.34E+00
TCGA-55-7728	1.89E+00	6.02E-01	2.11E+00	3.44E-01	1.25E+00	4.19E-01	5.94E-01	2.97E-02
TCGA-55-7815	2.15E+00	7.02E-01	2.40E+00	5.05E-01	1.81E+00	8.62E-01	8.12E-01	6.54E-01
TCGA-55-7816	0.00E+00	0.00E+00	0.00E+00	0.00E+00	2.00E-02	0.00E+00	2.00E-02	0.00E+00
TCGA-55-7903	1.51E+00	8.42E-01	1.49E+00	8.11E-01	1.76E+00	1.36E+00	8.42E-01	8.77E-01
TCGA-55-7907	1.09E+01	3.26E+00	1.18E+01	2.65E+00	6.35E+00	3.07E+00	1.47E+00	1.63E+00
TCGA-55-7910	3.83E+00	1.31E+00	4.03E+00	6.03E-01	2.62E+00	1.62E+00	1.05E+00	3.61E-01
TCGA-55-7911	2.90E+00	8.37E-01	2.88E+00	7.70E-01	2.54E+00	1.44E+00	8.47E-01	6.76E-01
TCGA-55-7913	3.92E+00	1.28E+00	3.95E+00	1.03E+00	2.79E+00	1.89E+00	1.07E+00	8.45E-01
TCGA-55-7914	1.97E+00	6.99E-01	2.09E+00	6.31E-01	1.66E+00	1.37E+00	9.98E-01	6.48E-01
TCGA-55-7994	1.44E+01	4.42E+00	1.44E+01	2.02E+00	8.37E+00	5.19E+00	2.03E+00	1.72E+00
TCGA-55-7995	5.80E+00	2.06E+00	5.71E+00	1.66E+00	4.52E+00	3.03E+00	9.46E-01	1.72E+00
TCGA-55-8085	2.51E+00	8.57E-01	2.80E+00	1.63E+00	2.05E+00	1.05E+00	1.11E+00	1.27E+00
TCGA-55-8087	2.66E-01	1.28E-01	4.31E-01	3.95E-01	5.03E-01	4.62E-01	5.56E-01	2.13E-01
TCGA-55-8089	1.08E+01	2.89E+00	1.10E+01	4.71E+00	6.48E+00	2.51E+00	1.67E+00	3.27E+00
TCGA-55-8090	1.17E+00	5.48E-01	1.39E+00	3.27E-01	1.42E+00	1.39E+00	4.82E-01	3.61E-01
TCGA-55-8091	4.33E-01	2.00E-02	5.41E-01	7.70E-02	4.78E-01	4.50E-01	5.15E-01	1.01E-01
TCGA-55-8092	4.67E+00	1.87E+00	5.26E+00	2.68E+00	3.88E+00	2.03E+00	1.46E+00	2.55E+00
TCGA-55-8094	5.09E+00	1.62E+00	4.69E+00	7.58E-01	2.78E+00	1.96E+00	1.12E+00	1.45E+00
TCGA-55-8096	2.16E+00	5.26E-01	2.27E+00	6.04E-01	1.40E+00	7.62E-01	7.47E-01	5.07E-01
TCGA-55-8097	1.09E+00	6.66E-01	1.31E+00	5.11E-01	1.18E+00	1.19E+00	7.77E-01	7.96E-01
TCGA-55-8203	5.48E+00	1.56E+00	5.73E+00	6.12E-01	3.39E+00	1.92E+00	1.13E+00	5.11E-01
TCGA-55-8204	2.47E+00	5.49E-01	2.56E+00	1.37E+00	2.40E+00	1.32E+00	8.36E-01	7.81E-01
TCGA-55-8205	4.06E+00	1.40E+00	4.20E+00	2.14E+00	3.51E+00	2.11E+00	7.72E-01	1.44E+00
TCGA-55-8206	4.28E-01	1.34E-01	4.63E-01	3.43E-01	3.53E-01	5.19E-01	5.56E-01	4.04E-01
TCGA-55-8207	2.93E+00	1.14E+00	3.27E+00	7.01E-01	2.58E+00	1.84E+00	1.03E+00	4.48E-01
TCGA-55-8208	2.42E+00	7.10E-01	2.19E+00	2.07E+00	2.80E+00	1.99E+00	8.04E-01	1.63E+00
TCGA-55-8299	5.21E+00	1.43E+00	5.28E+00	9.16E-01	3.74E+00	2.75E+00	9.76E-01	5.71E-01
TCGA-55-8301	3.47E+00	1.24E+00	4.02E+00	8.52E-01	2.96E+00	2.49E+00	1.05E+00	8.80E-01
TCGA-55-8302	7.60E+00	2.02E+00	8.44E+00	1.10E+00	5.23E+00	2.57E+00	1.58E+00	3.21E-01
TCGA-55-8505	2.81E-01	3.79E-02	4.69E-01	4.45E-01	5.78E-01	5.96E-01	5.60E-01	3.60E-01
TCGA-55-8506	1.13E+01	5.08E+00	1.22E+01	1.33E+00	7.89E+00	5.27E+00	4.64E+00	1.86E+00
TCGA-55-8507	9.24E+00	4.15E+00	9.43E+00	1.51E+00	6.82E+00	4.22E+00	1.60E+00	1.62E+00
TCGA-55-8508	2.44E+00	9.16E-01	2.16E+00	6.69E-01	1.92E+00	1.17E+00	9.96E-01	8.31E-01
TCGA-55-8510	3.48E+00	1.38E+00	3.95E+00	9.28E-01	2.70E+00	1.42E+00	8.99E-01	8.36E-01
TCGA-55-8511	5.87E+00	2.08E+00	5.90E+00	1.54E+00	3.62E+00	1.74E+00	1.14E+00	1.67E+00
TCGA-55-8512	7.14E-01	3.19E-01	8.25E-01	2.66E-01	8.16E-01	5.32E-01	4.66E-01	3.19E-01
TCGA-55-8513	0.00E+00	0.00E+00	4.14E-02	0.00E+00	8.91E-02	6.65E-02	1.82E-01	1.55E-01
TCGA-55-8514	3.97E+00	1.28E+00	4.31E+00	5.41E-01	2.78E+00	1.43E+00	1.07E+00	4.87E-01
TCGA-55-8614	2.08E+00	6.07E-01	2.39E+00	8.33E-01	2.80E+00	2.17E+00	1.10E+00	8.35E-01
TCGA-55-8615	1.68E+00	5.13E-01	1.89E+00	3.56E-01	1.83E+00	1.24E+00	7.68E-01	7.60E-01
TCGA-55-8616	5.83E+00	2.11E+00	6.21E+00	8.32E-01	3.59E+00	1.38E+00	1.12E+00	4.88E-01
TCGA-55-8619	2.38E-01	4.77E-02	2.77E-01	1.16E-01	3.13E-01	3.36E-01	3.27E-01	1.63E-01
TCGA-55-8620	4.66E+00	1.86E+00	5.19E+00	7.98E-01	3.88E+00	2.92E+00	1.52E+00	8.24E-01
TCGA-55-8621	1.31E+00	4.54E-01	1.22E+00	4.46E-01	1.03E+00	9.37E-01	5.35E-01	4.55E-01
TCGA-55-A48X	6.29E+00	1.49E+00	6.39E+00	1.00E+00	3.72E+00	1.72E+00	8.87E-01	6.76E-01
TCGA-55-A48Y	6.59E-01	3.89E-01	1.37E+00	3.74E+00	3.49E+00	6.00E-01	1.01E+00	3.07E+00
TCGA-55-A48Z	8.32E-01	1.97E-01	7.68E-01	3.25E-01	7.51E-01	6.99E-01	6.18E-01	5.25E-01
TCGA-55-A490	1.34E+01	4.07E+00	1.42E+01	1.81E+00	7.71E+00	3.55E+00	1.53E+00	1.62E+00
TCGA-55-A491	3.46E+00	1.74E+00	3.09E+00	8.35E-01	2.65E+00	1.97E+00	1.17E+00	9.21E-01
TCGA-55-A492	3.60E+00	1.07E+00	3.94E+00	7.08E-01	2.65E+00	1.56E+00	1.06E+00	9.77E-01
TCGA-55-A493	3.14E+00	7.22E-01	3.07E+00	1.41E+00	2.01E+00	1.28E+00	9.35E-01	1.03E+00
TCGA-55-A494	2.74E+00	9.16E-01	2.79E+00	5.80E-01	1.97E+00	9.55E-01	1.13E+00	7.27E-01
TCGA-55-A4DF	2.96E+00	1.09E+00	2.99E+00	6.40E+00	6.32E+00	1.90E+00	1.54E+00	4.23E+00
TCGA-55-A4DG	7.63E+00	3.03E+00	8.26E+00	1.11E+00	6.04E+00	3.47E+00	1.27E+00	5.65E-01
TCGA-55-A57B	3.54E-01	1.67E-01	6.63E-01	4.00E-01	7.56E-01	6.77E-01	6.22E-01	1.73E-01
TCGA-62-8394	7.18E-01	4.68E-01	1.61E+00	8.48E-01	1.73E+00	1.48E+00	7.57E-01	1.02E+00
TCGA-62-8395	3.56E-01	1.78E-01	8.38E-01	6.31E-01	9.80E-01	9.07E-01	7.84E-01	4.58E-01
TCGA-62-8397	4.40E-01	1.50E-01	4.63E-01	9.98E-02	4.71E-01	4.01E-01	4.27E-01	4.49E-01
TCGA-62-8398	1.19E+00	4.37E-01	1.34E+00	4.70E-01	8.63E-01	1.01E+00	8.74E-01	7.40E-01
TCGA-62-8399	3.51E+00	1.64E+00	3.50E+00	2.19E+00	2.93E+00	2.02E+00	1.28E+00	1.39E+00
TCGA-62-8402	5.66E-01	0.00E+00	7.49E-01	4.53E-01	1.00E+00	7.17E-01	7.29E-01	4.02E-01
TCGA-62-A46O	7.36E+00	2.59E+00	7.59E+00	2.01E+00	5.21E+00	3.28E+00	1.43E+00	1.61E+00
TCGA-62-A46P	3.92E+00	1.30E+00	4.06E+00	5.04E-01	2.31E+00	1.53E+00	9.82E-01	5.44E-01
TCGA-62-A46R	1.70E+00	7.43E-01	2.02E+00	8.55E-01	1.77E+00	1.41E+00	8.95E-01	1.13E+00
TCGA-62-A46S	1.55E+00	7.18E-01	1.49E+00	6.09E-01	1.36E+00	7.11E-01	7.93E-01	1.10E+00
TCGA-62-A46U	6.54E-01	1.59E-01	6.19E-01	3.66E-01	7.35E-01	6.14E-01	5.61E-01	3.50E-01
TCGA-62-A46V	5.02E-01	1.90E-01	7.39E-01	3.51E-01	9.78E-01	9.03E-01	7.38E-01	8.44E-01
TCGA-62-A46Y	3.56E-01	0.00E+00	3.84E-01	1.36E-01	6.20E-01	3.08E-01	6.45E-01	6.47E-01
TCGA-62-A470	1.62E+00	5.60E-01	1.85E+00	4.90E-01	1.89E+00	1.09E+00	9.90E-01	5.07E-01
TCGA-62-A471	2.03E-01	3.51E-01	7.89E-01	1.15E+00	1.21E+00	1.02E+00	5.56E-01	8.81E-01
TCGA-62-A472	6.53E-01	3.11E-01	9.18E-01	2.55E-01	1.04E+00	7.03E-01	6.22E-01	7.03E-01
TCGA-64-1676	7.05E+00	2.01E+00	7.29E+00	8.45E-01	4.08E+00	1.98E+00	1.19E+00	8.81E-01
TCGA-64-1677	1.71E+00	6.11E-01	2.02E+00	1.29E+00	1.62E+00	1.35E+00	8.16E-01	9.11E-01
TCGA-64-1679	6.53E+00	1.58E+00	7.09E+00	1.11E+00	3.39E+00	1.78E+00	7.16E-01	1.13E+00
TCGA-64-1680	5.02E-01	0.00E+00	5.77E-01	6.97E-01	7.12E-01	3.34E-01	7.93E-01	5.47E-01
TCGA-64-1681	4.47E-01	1.14E-01	9.52E-01	6.48E-01	1.14E+00	9.34E-01	6.71E-01	1.02E+00
TCGA-64-5774	1.86E+00	9.22E-01	2.05E+00	5.11E-01	1.53E+00	1.22E+00	7.05E-01	3.48E-01
TCGA-64-5775	4.85E+00	1.88E+00	4.92E+00	8.59E-01	2.87E+00	1.85E+00	1.28E+00	5.62E-01
TCGA-64-5778	6.37E+00	1.78E+00	6.70E+00	1.05E+00	3.72E+00	1.82E+00	1.17E+00	4.47E-01
TCGA-64-5779	3.89E+00	1.74E+00	4.09E+00	6.59E-01	2.90E+00	2.01E+00	1.12E+00	8.08E-01
TCGA-64-5781	1.22E+01	2.81E+00	1.18E+01	2.76E+00	6.89E+00	2.90E+00	1.66E+00	2.18E+00
TCGA-64-5815	2.97E+00	8.90E-01	3.11E+00	4.12E-01	1.91E+00	6.02E-01	9.42E-01	3.55E-01
TCGA-67-3770	2.43E+00	9.90E-01	2.72E+00	4.62E-01	2.16E+00	1.37E+00	9.32E-01	8.02E-01
TCGA-67-3771	5.30E+00	2.62E+00	5.23E+00	3.93E+00	4.69E+00	4.63E+00	1.74E+00	2.64E+00
TCGA-67-3772	5.29E-01	9.48E-02	1.17E+00	5.49E-01	1.16E+00	1.06E+00	8.55E-01	5.66E-01
TCGA-67-3773	1.69E+00	5.74E-01	1.83E+00	1.53E-01	1.52E+00	8.73E-01	7.70E-01	7.01E-01
TCGA-67-3774	1.78E+00	4.68E-01	2.22E+00	4.64E-01	1.88E+00	1.24E+00	7.11E-01	4.86E-01
TCGA-67-4679	4.26E+00	1.02E+00	4.41E+00	6.68E-01	3.09E+00	1.64E+00	9.09E-01	5.51E-01
TCGA-67-6215	0.00E+00	1.26E-01	2.93E-01	7.93E-02	7.67E-01	1.77E+00	5.32E-01	1.91E+00
TCGA-67-6216	1.38E-01	1.86E-01	5.14E-01	3.98E-01	6.40E-01	5.71E-01	5.22E-01	2.12E-01
TCGA-67-6217	2.22E+00	1.16E+00	2.12E+00	5.81E-01	1.98E+00	1.27E+00	1.09E+00	1.08E+00
TCGA-69-7760	8.67E-01	1.03E-01	9.45E-01	4.41E-01	6.14E-01	9.12E-01	7.21E-01	7.71E-01
TCGA-69-7761	5.85E-01	1.51E-01	5.41E-01	1.56E-01	6.41E-01	5.49E-01	4.06E-01	4.16E-01
TCGA-69-7763	9.27E-01	4.72E-01	9.81E-01	1.83E-01	1.09E+00	8.27E-01	8.17E-01	6.99E-01
TCGA-69-7764	1.21E+00	3.69E-01	1.39E+00	4.45E-01	1.18E+00	1.43E+00	8.13E-01	2.84E-01
TCGA-69-7765	6.43E+00	2.35E+00	6.17E+00	1.45E+00	3.48E+00	2.42E+00	8.77E-01	8.11E-01
TCGA-69-7973	3.05E+00	1.15E+00	3.19E+00	7.09E-01	2.08E+00	1.23E+00	9.31E-01	5.70E-01
TCGA-69-7974	6.25E+00	1.53E+00	6.16E+00	9.15E-01	3.79E+00	2.33E+00	1.36E+00	6.41E-01
TCGA-69-7978	5.47E+00	1.79E+00	6.07E+00	2.10E+00	3.94E+00	2.20E+00	1.06E+00	1.44E+00
TCGA-69-7979	1.73E+01	4.79E+00	1.82E+01	1.80E+00	9.15E+00	3.03E+00	1.79E+00	9.41E-01
TCGA-69-7980	5.83E+00	2.20E+00	5.88E+00	2.06E+00	4.32E+00	3.60E+00	1.37E+00	1.45E+00
TCGA-69-8253	2.58E+00	6.69E-01	2.52E+00	7.57E-01	2.06E+00	9.52E-01	6.49E-01	6.85E-01
TCGA-69-8254	1.03E+00	3.44E-01	1.30E+00	1.31E-01	1.44E+00	8.21E-01	8.27E-01	8.05E-01
TCGA-69-8255	2.73E+00	1.06E+00	2.67E+00	1.03E+00	2.72E+00	2.10E+00	1.07E+00	1.38E+00
TCGA-69-A59K	5.07E+00	2.51E+00	5.81E+00	1.17E+00	3.56E+00	1.79E+00	1.35E+00	5.64E-01
TCGA-71-6725	4.48E-01	3.43E-01	4.92E-01	4.26E-01	6.82E-01	8.07E-01	8.47E-01	4.38E-01
TCGA-71-8520	7.96E-01	3.38E-01	9.08E-01	5.00E-01	6.77E-01	9.64E-01	7.91E-01	6.67E-01
TCGA-73-4658	3.01E+00	1.19E+00	2.81E+00	2.10E+00	2.80E+00	1.42E+00	1.32E+00	1.48E+00
TCGA-73-4659	3.21E+00	7.99E-01	3.24E+00	6.21E-01	2.05E+00	1.09E+00	9.21E-01	4.11E-01
TCGA-73-4662	2.53E+00	8.49E-01	2.81E+00	7.26E-01	2.11E+00	1.31E+00	9.83E-01	8.47E-01
TCGA-73-4666	4.49E+00	1.49E+00	4.53E+00	8.06E-01	2.71E+00	1.79E+00	1.10E+00	1.14E+00
TCGA-73-4668	6.49E+00	2.10E+00	7.05E+00	8.46E-01	4.10E+00	2.40E+00	1.20E+00	2.97E-01
TCGA-73-4670	3.68E+00	1.51E+00	4.20E+00	8.89E-01	3.09E+00	1.97E+00	1.30E+00	1.39E+00
TCGA-73-4675	2.31E-01	4.01E-01	8.48E-01	3.19E-01	1.02E+00	1.05E+00	6.60E-01	6.69E-01
TCGA-73-4676	1.08E+00	3.76E-01	1.45E+00	2.88E-01	1.37E+00	1.25E+00	6.76E-01	6.72E-01
TCGA-73-4677	3.08E+00	1.09E+00	3.79E+00	6.82E-01	2.54E+00	1.71E+00	9.59E-01	7.32E-01
TCGA-73-7498	1.86E+00	6.43E-01	2.01E+00	3.08E-01	1.40E+00	8.63E-01	7.82E-01	6.46E-01
TCGA-73-7499	3.89E-01	1.02E-01	9.79E-01	5.59E-01	1.14E+00	1.08E+00	6.90E-01	2.60E-01
TCGA-73-A9RS	9.32E+00	3.46E+00	9.78E+00	1.45E+00	6.31E+00	2.62E+00	1.12E+00	1.09E+00
TCGA-75-5122	1.55E+00	5.11E-01	1.49E+00	8.29E-01	1.41E+00	1.08E+00	8.95E-01	6.66E-01
TCGA-75-5125	1.86E+00	5.71E-01	1.92E+00	8.44E-01	1.65E+00	1.25E+00	8.84E-01	6.25E-01
TCGA-75-5126	6.12E+00	2.15E+00	6.36E+00	2.37E+00	3.75E+00	2.12E+00	1.03E+00	1.70E+00
TCGA-75-5146	2.72E+00	9.14E-01	2.69E+00	5.83E-01	2.28E+00	1.18E+00	3.98E-01	6.75E-01
TCGA-75-5147	2.57E-01	8.36E-02	3.70E-01	4.43E-01	4.57E-01	4.61E-01	4.88E-01	5.62E-01
TCGA-75-6203	7.40E-02	9.65E-02	1.97E-01	0.00E+00	2.02E-01	1.99E-01	2.93E-01	1.10E-01
TCGA-75-6205	3.64E-01	2.86E-01	1.14E+00	4.64E-01	1.14E+00	9.54E-01	4.73E-01	7.36E-01
TCGA-75-6206	1.58E+00	3.45E-01	1.64E+00	6.21E-01	1.46E+00	1.07E+00	4.82E-01	3.42E-01
TCGA-75-6207	5.26E-01	2.28E-01	9.99E-01	6.01E-01	9.58E-01	1.04E+00	8.14E-01	5.58E-01
TCGA-75-6211	4.77E+00	1.52E+00	4.69E+00	7.37E-01	2.98E+00	1.82E+00	1.05E+00	6.24E-01
TCGA-75-6212	8.63E-02	1.10E-01	2.34E-01	2.31E-01	3.24E-01	2.60E-01	4.18E-01	1.46E-01
TCGA-75-6214	6.16E+00	2.17E+00	6.39E+00	2.60E+00	4.57E+00	3.01E+00	1.47E+00	1.72E+00
TCGA-75-7025	2.19E-01	1.55E-01	4.51E-01	3.74E-01	4.40E-01	6.53E-01	6.06E-01	3.87E-01
TCGA-75-7027	3.34E+00	1.00E+00	3.40E+00	5.54E-01	2.21E+00	1.19E+00	9.53E-01	7.01E-01
TCGA-75-7030	1.51E-01	1.86E-01	1.70E-01	0.00E+00	2.95E-01	2.08E-01	3.34E-01	2.07E-01
TCGA-75-7031	2.50E+00	7.49E-01	2.58E+00	7.85E-01	1.82E+00	1.53E+00	9.50E-01	1.25E+00
TCGA-78-7145	2.67E+00	9.98E-01	2.85E+00	6.78E-01	2.23E+00	9.41E-01	8.08E-01	6.17E-01
TCGA-78-7146	3.39E+00	1.63E+00	3.63E+00	1.70E+00	2.45E+00	1.53E+00	9.95E-01	1.13E+00
TCGA-78-7147	3.66E+00	9.78E-01	3.82E+00	1.15E+00	2.55E+00	2.37E+00	1.04E+00	1.36E+00
TCGA-78-7148	2.67E+00	9.62E-01	2.85E+00	6.44E-01	2.18E+00	1.29E+00	1.00E+00	1.01E+00
TCGA-78-7149	1.39E+00	4.49E-01	1.33E+00	1.29E+00	1.56E+00	1.16E+00	9.08E-01	9.48E-01
TCGA-78-7150	3.48E+00	9.03E-01	3.16E+00	2.03E+00	3.15E+00	2.12E+00	1.24E+00	1.72E+00
TCGA-78-7152	2.13E+00	6.37E-01	2.28E+00	1.47E+00	1.63E+00	1.16E+00	7.75E-01	9.65E-01
TCGA-78-7153	1.20E+00	4.29E-01	1.42E+00	7.40E-01	1.52E+00	1.34E+00	9.87E-01	7.00E-01
TCGA-78-7154	1.48E+00	6.84E-01	1.93E+00	1.67E+00	2.11E+00	1.51E+00	1.25E+00	1.30E+00
TCGA-78-7155	1.53E+01	4.59E+00	1.40E+01	2.10E+00	9.74E+00	4.94E+00	1.56E+00	2.53E+00
TCGA-78-7156	3.51E+00	1.09E+00	3.75E+00	2.36E+00	2.84E+00	1.33E+00	1.12E+00	1.70E+00
TCGA-78-7158	3.04E+00	1.31E+00	3.15E+00	1.12E+00	2.43E+00	1.25E+00	9.42E-01	7.92E-01
TCGA-78-7159	3.40E+00	1.53E+00	3.43E+00	6.35E-01	2.22E+00	1.63E+00	9.32E-01	9.61E-01
TCGA-78-7160	9.08E-01	4.03E-01	9.08E-01	3.46E-01	9.93E-01	9.44E-01	4.69E-01	3.96E-01
TCGA-78-7161	2.38E+00	1.11E+00	2.60E+00	5.90E-01	1.90E+00	1.45E+00	7.40E-01	8.21E-01
TCGA-78-7162	1.16E+00	4.44E-01	1.26E+00	5.95E-01	1.40E+00	1.03E+00	6.84E-01	5.92E-01
TCGA-78-7163	6.16E-01	5.61E-01	6.19E-01	1.51E-01	6.51E-01	3.32E-01	4.39E-01	2.60E-01
TCGA-78-7166	2.86E+00	1.30E+00	2.59E+00	5.72E-01	1.93E+00	1.16E+00	8.68E-01	1.07E+00
TCGA-78-7167	1.50E+00	6.94E-01	1.41E+00	8.70E-01	1.14E+00	9.82E-01	7.55E-01	4.94E-01
TCGA-78-7220	9.46E+00	2.17E+00	9.67E+00	2.11E+00	5.60E+00	2.99E+00	1.40E+00	1.75E+00
TCGA-78-7535	1.87E+00	7.00E-01	2.26E+00	4.04E-01	1.88E+00	1.70E+00	6.46E-01	1.25E+00
TCGA-78-7536	6.75E+00	3.15E+00	7.47E+00	6.67E-01	3.76E+00	3.07E+00	1.21E+00	1.84E+00
TCGA-78-7537	2.53E+00	5.16E-01	2.67E+00	6.61E-01	1.68E+00	1.04E+00	4.76E-01	5.85E-01
TCGA-78-7539	2.72E+00	9.41E-01	2.92E+00	3.28E+00	3.09E+00	1.94E+00	1.21E+00	2.02E+00
TCGA-78-7540	3.24E+00	3.36E+00	2.24E-01	2.12E-01	7.25E-02	1.63E-01	6.55E-01	4.98E-02
TCGA-78-7542	4.10E+00	1.80E+00	4.43E+00	1.24E+00	2.92E+00	2.10E+00	1.24E+00	1.49E+00
TCGA-78-7633	1.74E+00	1.26E+00	1.83E+00	4.38E-01	1.89E+00	1.36E+00	7.37E-01	2.69E-01
TCGA-78-8640	6.41E+00	1.94E+00	6.44E+00	2.05E+00	4.68E+00	3.28E+00	1.31E+00	1.97E+00
TCGA-78-8648	3.47E-01	1.93E-01	4.12E-01	0.00E+00	2.71E-01	2.06E-01	3.16E-01	1.92E-01
TCGA-78-8655	1.42E+00	6.56E-01	1.36E+00	4.23E-01	1.25E+00	1.05E+00	7.03E-01	6.37E-01
TCGA-78-8660	2.58E+00	8.38E-01	2.90E+00	1.03E+00	2.58E+00	1.63E+00	1.08E+00	1.15E+00
TCGA-78-8662	1.14E+01	2.96E+00	1.18E+01	1.82E+00	6.55E+00	4.01E+00	1.66E+00	1.87E+00
TCGA-80-5607	4.39E-01	1.93E-01	6.66E-01	1.65E+00	1.55E+00	8.60E-01	6.03E-01	1.06E+00
TCGA-80-5608	3.93E+00	3.53E+00	3.17E+00	4.98E-01	1.46E+00	5.71E-01	7.36E-01	8.00E-02
TCGA-80-5611	2.18E+00	7.60E-01	2.52E+00	6.81E-01	2.59E+00	2.23E+00	8.35E-01	9.30E-01
TCGA-83-5908	2.25E+00	7.49E-01	2.47E+00	1.28E+00	1.90E+00	1.48E+00	7.70E-01	6.27E-01
TCGA-86-6562	4.07E-01	2.61E-01	6.95E-01	5.68E-01	7.74E-01	6.87E-01	5.99E-01	5.61E-01
TCGA-86-6851	9.67E+00	2.50E+00	9.42E+00	1.75E+00	5.50E+00	4.06E+00	6.42E-01	5.81E-01
TCGA-86-7701	3.49E+00	2.73E+00	4.51E+00	4.05E-01	3.85E+00	1.93E+00	9.10E-01	9.62E-01
TCGA-86-7711	4.08E+00	1.11E+00	4.97E+00	1.32E+00	4.15E+00	3.15E+00	1.45E+00	1.47E+00
TCGA-86-7713	4.02E+00	1.31E+00	4.45E+00	7.14E-01	3.82E+00	1.95E+00	1.25E+00	1.26E+00
TCGA-86-7714	1.54E+00	3.70E-01	1.57E+00	2.93E-01	1.24E+00	8.82E-01	6.10E-01	2.60E-01
TCGA-86-7953	7.26E-01	1.63E-01	1.08E+00	3.77E-01	9.85E-01	9.09E-01	5.21E-01	6.06E-01
TCGA-86-7954	2.43E+00	8.05E-01	2.51E+00	1.06E+00	2.40E+00	1.47E+00	9.94E-01	8.71E-01
TCGA-86-7955	3.09E+00	1.19E+00	3.39E+00	8.69E-01	2.80E+00	1.94E+00	9.55E-01	1.50E+00
TCGA-86-8054	2.98E+00	7.71E-01	2.92E+00	6.32E-01	1.88E+00	1.36E+00	8.08E-01	9.62E-01
TCGA-86-8055	4.39E-01	1.77E-01	7.96E-01	2.50E-01	7.51E-01	7.45E-01	7.60E-01	6.44E-01
TCGA-86-8056	2.47E+00	5.05E-01	2.30E+00	2.16E+00	2.65E+00	9.18E-01	9.95E-01	1.52E+00
TCGA-86-8073	1.54E+01	5.02E+00	1.70E+01	2.03E+00	7.89E+00	4.21E+00	1.79E+00	1.65E+00
TCGA-86-8074	6.36E-01	3.13E-01	8.77E-01	3.67E-01	1.03E+00	8.28E-01	6.46E-01	8.39E-01
TCGA-86-8075	2.24E-01	9.31E-02	6.38E-01	3.60E-01	6.88E-01	1.09E+00	7.10E-01	6.06E-01
TCGA-86-8076	4.05E-01	3.91E-01	7.46E-01	5.49E-01	9.56E-01	6.87E-01	6.12E-01	5.33E-01
TCGA-86-8278	1.46E-01	8.59E-02	4.10E-01	1.11E+00	8.82E-01	7.00E-01	7.21E-01	8.69E-01
TCGA-86-8279	5.17E+00	2.10E+00	5.85E+00	9.56E-01	3.11E+00	2.79E+00	1.16E+00	1.32E+00
TCGA-86-8280	3.25E-01	1.99E-01	8.41E-01	3.45E-01	1.06E+00	8.30E-01	6.51E-01	2.39E-01
TCGA-86-8281	2.30E+00	1.06E+00	2.76E+00	8.42E-01	2.32E+00	1.96E+00	1.32E+00	5.66E-01
TCGA-86-8358	1.16E+01	2.75E+00	1.22E+01	1.35E+00	6.50E+00	3.72E+00	1.77E+00	1.77E+00
TCGA-86-8359	2.91E+00	7.83E-01	2.67E+00	5.68E-01	1.74E+00	7.06E-01	7.84E-01	8.44E-01
TCGA-86-8585	5.08E+00	1.59E+00	5.45E+00	1.80E+00	4.41E+00	2.69E+00	1.07E+00	1.22E+00
TCGA-86-8668	3.57E-01	0.00E+00	5.85E-01	2.49E-01	6.18E-01	6.99E-01	5.36E-01	6.48E-01
TCGA-86-8669	1.50E+00	5.02E-01	1.83E+00	5.50E-01	1.58E+00	1.15E+00	9.19E-01	6.55E-01
TCGA-86-8671	2.12E-01	0.00E+00	4.11E-01	4.58E-01	6.40E-01	6.27E-01	4.83E-01	3.95E-01
TCGA-86-8672	2.67E+00	1.14E+00	3.01E+00	1.15E+00	2.74E+00	1.74E+00	1.20E+00	1.44E+00
TCGA-86-8673	4.71E+00	1.56E+00	5.11E+00	1.14E+00	3.68E+00	3.06E+00	1.09E+00	1.20E+00
TCGA-86-8674	3.51E+00	1.40E+00	3.62E+00	9.22E-01	2.43E+00	1.59E+00	7.88E-01	1.10E+00
TCGA-86-A456	4.25E+00	1.34E+00	4.22E+00	1.05E+00	3.16E+00	2.11E+00	9.03E-01	6.55E-01
TCGA-86-A4JF	5.58E+00	2.33E+00	8.11E+00	2.32E+00	6.66E+00	1.26E+01	9.49E+00	4.11E+00
TCGA-86-A4P7	5.15E-01	0.00E+00	1.03E+00	5.34E-01	9.85E-01	8.74E-01	7.19E-01	1.09E-01
TCGA-86-A4P8	2.97E-02	0.00E+00	8.47E-02	0.00E+00	9.47E-02	7.30E-02	0.00E+00	7.26E-02
TCGA-91-6828	6.07E+00	2.06E+00	6.76E+00	1.25E+00	5.16E+00	2.94E+00	1.62E+00	1.33E+00
TCGA-91-6829	5.82E+00	1.81E+00	5.03E+00	1.17E+00	4.17E+00	3.51E+00	1.10E+00	1.35E+00
TCGA-91-6830	1.11E+00	7.84E-01	1.54E+00	2.69E+00	2.55E+00	1.20E+00	5.00E-01	1.69E+00
TCGA-91-6831	2.79E+00	9.66E-01	2.93E+00	7.11E-01	2.72E+00	2.00E+00	1.22E+00	6.30E-01
TCGA-91-6835	1.11E+00	3.79E-01	1.36E+00	4.92E-01	1.04E+00	9.86E-01	5.19E-01	7.20E-01
TCGA-91-6836	5.40E+00	2.33E+00	6.02E+00	9.48E-01	3.51E+00	2.03E+00	1.32E+00	6.04E-01
TCGA-91-6840	8.70E-01	6.60E-01	8.89E-01	1.00E+00	9.97E-01	8.11E-01	7.42E-01	5.47E-01
TCGA-91-6847	6.64E-01	5.59E-01	1.08E+00	5.15E-01	1.37E+00	1.06E+00	9.24E-01	6.33E-01
TCGA-91-6848	4.99E+00	2.11E+00	5.68E+00	1.37E+00	4.82E+00	4.08E+00	9.72E-01	1.48E+00
TCGA-91-6849	1.78E+00	6.61E-01	1.95E+00	5.90E-01	1.60E+00	8.72E-01	4.96E-01	4.41E-01
TCGA-91-7771	2.14E+00	7.06E-01	2.48E+00	9.00E-01	2.06E+00	1.62E+00	6.26E-01	1.23E+00
TCGA-91-8496	1.53E-01	1.63E-01	5.55E-01	2.76E-01	4.83E-01	6.30E-01	6.22E-01	1.56E-01
TCGA-91-8497	4.99E-01	2.74E-01	5.94E-01	3.56E-01	9.81E-01	4.90E-01	7.05E-01	5.42E-01
TCGA-91-8499	2.69E+00	1.13E+00	2.79E+00	1.39E+00	2.74E+00	1.81E+00	1.13E+00	1.10E+00
TCGA-91-A4BC	5.68E+00	2.02E+00	6.17E+00	8.23E-01	3.60E+00	1.66E+00	1.07E+00	8.48E-01
TCGA-91-A4BD	1.09E-01	0.00E+00	3.43E-01	2.07E-01	3.88E-01	5.71E-01	5.56E-01	2.44E-01
TCGA-93-7347	1.82E+00	7.25E-01	1.96E+00	4.19E-01	1.46E+00	1.08E+00	6.67E-01	3.77E-01
TCGA-93-7348	2.84E+00	8.53E-01	2.90E+00	9.52E-01	2.22E+00	2.08E+00	1.44E+00	1.05E+00
TCGA-93-8067	1.95E+00	8.29E-01	1.64E+00	4.98E+00	4.66E+00	1.26E+00	1.28E+00	4.01E+00
TCGA-93-A4JN	6.49E-01	3.43E-01	1.11E+00	5.29E-01	1.11E+00	9.21E-01	8.55E-01	7.39E-01
TCGA-93-A4JO	3.74E-01	1.38E-01	8.14E-01	5.67E-01	8.40E-01	9.17E-01	5.60E-01	5.39E-01
TCGA-93-A4JP	8.46E-01	8.76E-02	9.86E-01	6.97E-01	8.62E-01	9.46E-01	6.62E-01	3.58E-01
TCGA-93-A4JQ	4.56E-01	2.43E-02	1.48E+00	8.79E-01	1.87E+00	1.61E+00	5.91E-01	9.80E-01
TCGA-95-7039	1.21E+01	4.22E+00	1.31E+01	1.59E+00	6.34E+00	3.84E+00	1.57E+00	2.20E+00
TCGA-95-7043	1.30E+01	3.65E+00	1.37E+01	1.52E+00	7.68E+00	2.75E+00	1.50E+00	8.62E-01
TCGA-95-7562	5.60E+00	1.98E+00	5.66E+00	6.63E-01	3.14E+00	1.20E+00	9.92E-01	3.85E-01
TCGA-95-7567	5.81E+00	2.72E+00	7.78E+00	1.06E+00	6.25E+00	9.41E+00	7.23E+00	4.86E+00
TCGA-95-7944	9.43E-01	3.21E-01	9.61E-01	2.33E+00	2.12E+00	3.08E-01	6.69E-01	1.84E+00
TCGA-95-7947	3.17E+00	1.04E+00	3.13E+00	3.25E+00	2.92E+00	2.39E+00	1.17E+00	1.96E+00
TCGA-95-7948	1.09E-01	1.29E-01	1.84E-01	1.56E+00	1.08E+00	8.69E-02	7.33E-01	1.33E+00
TCGA-95-8039	7.37E-01	4.76E-01	1.01E+00	6.01E-01	1.37E+00	1.31E+00	7.99E-01	1.07E+00
TCGA-95-8494	6.38E-01	1.74E-01	6.73E-01	1.06E+00	9.81E-01	3.98E-01	8.23E-01	8.51E-01
TCGA-95-A4VK	3.03E+00	1.07E+00	2.78E+00	5.73E-01	1.98E+00	1.13E+00	1.01E+00	6.37E-01
TCGA-95-A4VN	6.14E+00	1.89E+00	6.59E+00	1.04E+00	4.25E+00	1.63E+00	8.92E-01	7.78E-01
TCGA-95-A4VP	2.09E+00	5.95E-01	2.22E+00	3.66E-01	1.41E+00	1.00E+00	7.53E-01	4.78E-01
TCGA-97-7546	3.74E+00	1.17E+00	4.13E+00	6.17E-01	2.74E+00	1.64E+00	7.87E-01	6.45E-01
TCGA-97-7547	2.19E+00	7.01E-01	2.30E+00	9.84E-01	1.81E+00	1.11E+00	8.37E-01	9.15E-01
TCGA-97-7552	5.05E-01	2.82E-01	7.24E-01	3.26E-02	6.76E-01	6.44E-01	5.01E-01	5.15E-01
TCGA-97-7553	6.95E-01	3.65E-01	6.96E-01	2.32E-01	7.36E-01	4.36E-01	5.68E-01	1.17E-01
TCGA-97-7554	6.18E+00	1.74E+00	6.43E+00	8.35E-01	3.70E+00	1.82E+00	1.21E+00	1.10E+00
TCGA-97-7937	4.45E+00	1.94E+00	4.86E+00	9.77E-01	3.21E+00	1.78E+00	1.25E+00	8.35E-01
TCGA-97-7938	4.40E+00	1.50E+00	4.64E+00	1.05E+00	2.86E+00	1.80E+00	9.77E-01	6.19E-01
TCGA-97-7941	1.77E+00	6.48E-01	1.67E+00	6.14E-01	9.48E-01	7.29E-01	7.02E-01	2.82E-01
TCGA-97-8171	7.09E-01	2.00E-01	8.25E-01	1.72E-01	9.84E-01	8.50E-01	8.06E-01	1.86E-01
TCGA-97-8172	3.71E+00	9.65E-01	3.56E+00	3.17E-01	2.42E+00	1.25E+00	1.05E+00	9.83E-01
TCGA-97-8174	1.93E+00	8.27E-01	2.02E+00	8.50E-01	1.30E+00	1.16E+00	8.40E-01	4.29E-01
TCGA-97-8175	6.86E-01	0.00E+00	8.72E-01	2.50E-01	9.14E-01	2.30E-01	5.66E-01	4.33E-01
TCGA-97-8176	1.61E+00	6.53E-01	1.88E+00	9.83E-01	1.88E+00	9.31E-01	8.93E-01	8.98E-01
TCGA-97-8177	3.07E-01	1.76E-01	6.42E-01	3.62E-01	7.75E-01	6.84E-01	5.14E-01	8.97E-01
TCGA-97-8179	2.75E+00	8.35E-01	2.86E+00	5.28E-01	2.01E+00	1.18E+00	4.53E-01	6.66E-01
TCGA-97-8547	3.69E-01	2.51E-01	3.28E-01	6.00E-01	6.38E-01	4.92E-01	6.99E-01	5.25E-01
TCGA-97-8552	4.05E-01	1.60E-01	4.95E-01	2.00E-01	5.41E-01	6.13E-01	5.65E-01	2.65E-01
TCGA-97-A4LX	2.73E+00	7.77E-01	2.94E+00	4.11E-01	1.85E+00	1.27E+00	3.69E-01	8.64E-01
TCGA-97-A4M0	4.02E+00	1.74E+00	4.04E+00	1.35E+00	2.88E+00	2.30E+00	6.86E-01	8.31E-01
TCGA-97-A4M1	4.88E-01	2.02E-01	5.79E-01	3.99E-01	4.90E-01	2.90E-01	4.95E-01	3.23E-01
TCGA-97-A4M2	4.45E-01	7.77E-02	5.99E-01	3.19E-01	5.46E-01	4.50E-01	2.93E-01	1.05E-01
TCGA-97-A4M3	2.57E+00	1.00E+00	2.44E+00	7.12E-01	1.59E+00	1.24E+00	8.10E-01	6.35E-01
TCGA-97-A4M5	4.28E-01	3.65E-01	7.24E-01	1.83E+00	1.41E+00	4.78E-01	5.88E-01	1.40E+00
TCGA-97-A4M6	2.02E-01	0.00E+00	4.15E-01	3.23E-01	5.96E-01	8.73E-01	6.03E-01	7.49E-01
TCGA-97-A4M7	4.03E+00	1.29E+00	4.17E+00	6.75E-01	2.37E+00	1.56E+00	9.49E-01	1.14E+00
TCGA-99-7458	5.37E+00	1.61E+00	4.98E+00	8.01E-01	3.15E+00	2.31E+00	9.88E-01	5.68E-01
TCGA-99-8025	3.53E+00	1.27E+00	3.99E+00	2.18E+00	3.04E+00	2.40E+00	1.52E+00	1.30E+00
TCGA-99-8028	5.96E+00	2.07E+00	5.87E+00	6.68E-01	3.61E+00	2.21E+00	7.45E-01	7.12E-01
TCGA-99-8032	4.45E+00	1.48E+00	4.58E+00	9.18E-01	3.06E+00	2.00E+00	1.05E+00	6.72E-01
TCGA-99-8033	2.52E+00	9.54E-01	2.41E+00	6.50E-01	2.13E+00	1.80E+00	1.00E+00	8.13E-01
TCGA-99-AA5R	1.47E+00	4.72E-01	1.46E+00	1.66E-01	1.15E+00	6.29E-01	5.73E-02	4.16E-01
TCGA-J2-8192	6.83E-01	8.43E-02	1.26E+00	5.30E-01	1.18E+00	1.06E+00	9.13E-01	3.76E-01
TCGA-J2-8194	1.80E+00	5.88E-01	1.80E+00	4.82E-01	1.74E+00	1.27E+00	9.17E-01	8.23E-01
TCGA-J2-A4AD	2.46E+00	6.70E-01	2.64E+00	1.73E+00	2.55E+00	1.88E+00	9.35E-01	1.02E+00
TCGA-J2-A4AE	4.14E-01	0.00E+00	7.27E-01	4.62E-01	6.31E-01	8.30E-01	7.01E-01	4.64E-01
TCGA-J2-A4AG	1.43E+00	5.66E-01	1.68E+00	4.38E-01	1.32E+00	9.35E-01	7.19E-01	3.07E-01
TCGA-L4-A4E5	4.33E+00	1.53E+00	4.58E+00	5.67E-01	2.49E+00	1.37E+00	9.72E-01	1.11E+00
TCGA-L4-A4E6	4.25E-01	1.91E-01	3.35E-01	2.72E-01	3.08E-01	2.01E-01	1.84E-01	4.64E-02
TCGA-L9-A443	3.30E+00	9.03E-01	3.54E+00	6.50E-01	2.63E+00	1.72E+00	6.78E-01	7.27E-01
TCGA-L9-A444	7.75E+00	1.79E+00	8.00E+00	9.41E-01	4.53E+00	1.72E+00	1.12E+00	9.16E-01
TCGA-L9-A50W	4.37E-01	1.12E-01	4.16E-01	3.74E-01	6.20E-01	5.38E-01	3.78E-01	6.27E-01
TCGA-L9-A5IP	3.79E+00	1.33E+00	4.14E+00	8.58E-01	2.64E+00	1.63E+00	8.43E-01	4.51E-01
TCGA-L9-A743	1.57E+00	6.72E-01	1.66E+00	8.23E-01	1.44E+00	1.15E+00	4.34E-01	8.62E-01
TCGA-L9-A7SV	1.75E+01	5.43E+00	1.92E+01	1.62E+00	8.85E+00	4.11E+00	1.72E+00	1.25E+00
TCGA-L9-A8F4	8.37E+00	2.26E+00	8.61E+00	1.49E+00	4.70E+00	3.33E+00	1.28E+00	1.50E+00
TCGA-MN-A4N1	4.30E+00	1.72E+00	4.70E+00	9.49E-01	3.67E+00	2.93E+00	1.33E+00	1.30E+00
TCGA-MN-A4N4	1.20E+01	4.29E+00	1.32E+01	4.04E+00	6.55E+00	3.37E+00	2.05E+00	3.17E+00
TCGA-MN-A4N5	4.59E+00	1.65E+00	5.14E+00	1.11E+00	3.93E+00	2.53E+00	1.13E+00	1.13E+00
TCGA-MP-A4SV	2.52E+00	1.10E+00	2.91E+00	1.50E+00	2.45E+00	2.16E+00	1.20E+00	1.31E+00
TCGA-MP-A4SW	6.29E-01	2.78E-01	8.84E-01	5.49E-01	1.02E+00	6.85E-01	7.88E-01	4.70E-01
TCGA-MP-A4SY	2.17E+00	5.57E-01	2.50E+00	7.87E-01	2.33E+00	1.85E+00	9.01E-01	1.01E+00
TCGA-MP-A4T4	4.75E+00	1.56E+00	4.63E+00	9.15E-01	3.31E+00	1.87E+00	8.84E-01	8.87E-01
TCGA-MP-A4T6	2.67E-01	1.00E-01	7.00E-01	5.99E-01	1.12E+00	9.39E-01	8.06E-01	7.35E-01
TCGA-MP-A4T7	1.82E+00	8.94E-01	1.75E+00	3.63E-01	1.45E+00	7.02E-01	6.90E-01	5.67E-01
TCGA-MP-A4T8	1.59E+00	6.20E-01	1.74E+00	5.29E-01	1.59E+00	1.18E+00	7.80E-01	9.49E-01
TCGA-MP-A4T9	6.31E-01	2.74E-01	7.54E-01	3.80E-01	8.13E-01	5.94E-01	3.25E-01	2.93E-01
TCGA-MP-A4TA	3.77E+00	1.22E+00	3.84E+00	9.16E-01	3.09E+00	2.84E+00	1.06E+00	9.62E-01
TCGA-MP-A4TC	3.48E+00	1.39E+00	3.66E+00	7.40E-01	2.18E+00	1.87E+00	8.08E-01	8.61E-01
TCGA-MP-A4TD	1.38E+00	5.09E-01	1.33E+00	3.18E-01	1.55E+00	9.16E-01	6.32E-01	5.02E-01
TCGA-MP-A4TE	1.92E+00	6.81E-01	1.77E+00	1.93E-01	1.69E+00	1.34E+00	1.01E+00	5.01E-01
TCGA-MP-A4TF	5.03E+00	1.52E+00	5.16E+00	8.82E-01	3.41E+00	2.08E+00	9.82E-01	1.36E+00
TCGA-MP-A4TH	1.61E+00	3.22E-01	1.70E+00	1.33E-01	1.63E+00	1.19E+00	8.50E-01	8.08E-01
TCGA-MP-A4TI	1.78E+00	7.48E-01	1.77E+00	2.14E+00	2.08E+00	9.64E-01	9.14E-01	1.67E+00
TCGA-MP-A4TJ	1.24E+00	4.51E-01	1.48E+00	2.57E-01	1.10E+00	1.35E+00	8.54E-01	6.68E-01
TCGA-MP-A4TK	4.40E+00	1.25E+00	4.74E+00	1.20E+00	2.76E+00	1.47E+00	7.28E-01	9.23E-01
TCGA-MP-A5C7	9.47E-01	3.66E-01	1.23E+00	2.76E-01	9.64E-01	1.09E+00	8.35E-01	5.72E-01
TCGA-NJ-A4YF	7.93E+00	2.48E+00	7.69E+00	9.11E-01	4.68E+00	2.18E+00	1.20E+00	7.27E-01
TCGA-NJ-A4YG	1.76E+00	6.23E-01	1.91E+00	8.91E-01	1.62E+00	1.26E+00	1.05E+00	5.27E-01
TCGA-NJ-A4YI	4.87E+00	1.62E+00	5.19E+00	7.75E-01	2.78E+00	2.04E+00	1.22E+00	9.05E-01
TCGA-NJ-A4YP	3.48E+00	1.06E+00	3.81E+00	5.76E+00	4.67E+00	1.51E+00	7.52E-01	4.22E+00
TCGA-NJ-A4YQ	1.24E+01	3.58E+00	1.28E+01	1.19E+00	6.87E+00	3.84E+00	1.37E+00	1.27E+00
TCGA-NJ-A55A	1.68E+00	6.78E-01	1.74E+00	3.77E-01	1.36E+00	1.23E+00	5.44E-01	2.10E-01
TCGA-NJ-A55O	2.26E+00	7.35E-01	2.25E+00	4.30E-01	1.20E+00	6.44E-01	5.62E-01	2.48E-01
TCGA-NJ-A55R	2.92E+00	1.05E+00	3.13E+00	6.25E-01	2.39E+00	1.84E+00	7.76E-01	6.36E-01
TCGA-NJ-A7XG	6.00E-01	1.64E-01	7.34E-01	1.10E-01	6.58E-01	4.78E-01	5.13E-01	1.79E-01
TCGA-O1-A52J	2.05E+00	9.11E-01	2.20E+00	5.24E-01	1.66E+00	1.39E+00	7.48E-01	5.35E-01
TCGA-S2-AA1A	2.23E+00	7.75E-01	2.35E+00	3.21E-01	1.36E+00	7.57E-01	6.26E-01	2.44E-01
