Samples	SBS96A	SBS96B	SBS96C	SBS96D	SBS96E
TCGA-05-4244-01A-01D-1105-08	151	52	13	35	4
TCGA-05-4249-01A-01D-1105-08	223	57	41	44	7
TCGA-05-4250-01A-01D-1105-08	223	68	64	35	35
TCGA-05-4382-01A-01D-1931-08	1650	37	249	65	72
TCGA-05-4384-01A-01D-1753-08	81	27	13	22	19
TCGA-05-4389-01A-01D-1265-08	79	32	101	49	31
TCGA-05-4390-01A-02D-1753-08	510	68	16	48	36
TCGA-05-4395-01A-01D-1265-08	143	18	119	34	26
TCGA-05-4396-01A-21D-1855-08	182	39	22	39	41
TCGA-05-4397-01A-01D-1265-08	484	248	189	36	43
TCGA-05-4398-01A-01D-1265-08	506	121	109	70	97
TCGA-05-4402-01A-01D-1265-08	0	39	115	0	0
TCGA-05-4403-01A-01D-1265-08	59	29	8	56	11
TCGA-05-4405-01A-21D-1855-08	288	79	32	57	18
TCGA-05-4410-01A-21D-1855-08	843	189	178	54	55
TCGA-05-4415-01A-22D-1855-08	161	48	9	19	9
TCGA-05-4417-01A-22D-1855-08	235	58	8	25	21
TCGA-05-4418-01A-01D-1265-08	161	94	18	27	29
TCGA-05-4420-01A-01D-1265-08	218	77	21	30	14
TCGA-05-4422-01A-01D-1265-08	13	0	26	13	0
TCGA-05-4424-01A-22D-1855-08	595	92	140	48	8
TCGA-05-4425-01A-01D-1753-08	0	0	0	52	0
TCGA-05-4426-01A-01D-1265-08	9	6	7	27	6
TCGA-05-4427-01A-21D-1855-08	780	190	76	59	114
TCGA-05-4430-01A-02D-1265-08	218	74	23	19	0
TCGA-05-4432-01A-01D-1265-08	419	195	34	46	44
TCGA-05-4433-01A-22D-1855-08	0	0	0	45	0
TCGA-05-4434-01A-01D-1265-08	0	26	14	18	0
TCGA-05-5420-01A-01D-1625-08	48	19	8	32	8
TCGA-05-5423-01A-01D-1625-08	118	0	24	44	0
TCGA-05-5425-01A-02D-1625-08	432	187	50	40	0
TCGA-05-5428-01A-01D-1625-08	236	0	148	25	60
TCGA-05-5429-01A-01D-1625-08	0	0	7	35	0
TCGA-05-5715-01A-01D-1625-08	14	0	99	36	0
TCGA-35-3615-01A-01D-1040-01	52	0	46	18	25
TCGA-35-4122-01A-01D-1105-08	128	174	49	25	26
TCGA-35-4123-01A-01D-1105-08	245	75	16	25	0
TCGA-35-5375-01A-01D-1625-08	226	143	50	50	42
TCGA-38-4625-01A-01D-1553-08	548	0	163	36	0
TCGA-38-4626-01A-01D-1553-08	230	49	22	2	15
TCGA-38-4627-01A-01D-1553-08	9	2	5	17	2
TCGA-38-4628-01A-01D-1265-08	39	44	23	40	0
TCGA-38-4629-01A-02D-1265-08	141	73	42	38	46
TCGA-38-4630-01A-01D-1265-08	27	0	83	49	0
TCGA-38-4631-01A-01D-1753-08	675	148	34	39	18
TCGA-38-4632-01A-01D-1753-08	361	160	44	37	36
TCGA-38-6178-01A-11D-1753-08	20	17	13	19	21
TCGA-38-7271-01A-11D-2036-08	46	25	43	0	0
TCGA-38-A44F-01A-11D-A24D-08	2	2	1	10	3
TCGA-44-2655-01A-01D-1553-08	170	34	18	0	0
TCGA-44-2656-01A-41D-A27T-08	784	135	36	77	8
TCGA-44-2657-01A-01D-1105-08	390	0	68	59	0
TCGA-44-2659-01A-01D-0969-08	394	3	25	54	20
TCGA-44-2661-01A-01D-1105-08	3	20	6	12	9
TCGA-44-2662-01A-01D-A271-08	45	37	170	5	6
TCGA-44-2665-01A-01D-A271-08	0	0	18	24	18
TCGA-44-2666-01A-41D-A27T-08	0	0	8	22	12
TCGA-44-2668-01A-01D-A271-08	271	59	82	10	9
TCGA-44-3396-01A-01D-1553-08	60	18	108	45	13
TCGA-44-3398-01A-01D-1105-08	102	43	80	22	0
TCGA-44-3918-01A-01D-A271-08	969	0	127	56	0
TCGA-44-3919-01A-02D-1458-08	0	36	23	10	0
TCGA-44-4112-01A-31D-A27T-08	375	27	129	46	10
TCGA-44-5643-01A-01D-1625-08	45	22	36	44	10
TCGA-44-5644-01A-21D-2036-08	824	144	74	77	29
TCGA-44-5645-01A-51D-A27T-08	0	27	0	17	0
TCGA-44-6144-01A-11D-1753-08	153	50	24	27	26
TCGA-44-6145-01A-11D-1753-08	297	23	10	17	34
TCGA-44-6146-01A-31D-A27T-08	6	6	2	25	8
TCGA-44-6147-01A-31D-A27T-08	104	7	8	17	17
TCGA-44-6148-01A-11D-1753-08	0	6	0	2	0
TCGA-44-6774-01A-21D-1855-08	280	55	10	12	4
TCGA-44-6775-01A-31D-A27T-08	19	31	12	14	8
TCGA-44-6776-01A-11D-1855-08	155	34	14	23	10
TCGA-44-6777-01A-11D-1855-08	212	79	114	36	26
TCGA-44-6778-01A-11D-1855-08	280	121	16	26	31
TCGA-44-6779-01A-11D-1855-08	47	0	11	40	22
TCGA-44-7659-01A-11D-2063-08	98	46	9	10	16
TCGA-44-7660-01A-11D-2063-08	155	232	39	30	0
TCGA-44-7661-01A-11D-2063-08	174	79	81	0	0
TCGA-44-7662-01A-11D-2063-08	414	131	94	31	34
TCGA-44-7667-01A-31D-2063-08	354	67	18	67	59
TCGA-44-7669-01A-21D-2063-08	316	150	15	43	27
TCGA-44-7670-01A-11D-2063-08	899	96	198	55	62
TCGA-44-7671-01A-11D-2063-08	134	100	22	28	0
TCGA-44-7672-01A-11D-2063-08	116	40	14	13	9
TCGA-44-8117-01A-11D-2238-08	695	84	52	70	12
TCGA-44-8119-01A-11D-2238-08	469	136	28	86	40
TCGA-44-8120-01A-11D-2238-08	557	56	38	44	36
TCGA-44-A479-01A-31D-A24D-08	282	18	27	27	14
TCGA-44-A47A-01A-21D-A24D-08	63	60	108	36	0
TCGA-44-A47B-01A-11D-A24D-08	15	0	0	30	15
TCGA-44-A47G-01A-21D-A24D-08	22	24	23	21	8
TCGA-44-A4SS-01A-11D-A24P-08	304	150	78	30	25
TCGA-44-A4SU-01A-11D-A24P-08	83	47	9	39	6
TCGA-49-4486-01A-01D-1265-08	27	41	143	0	0
TCGA-49-4487-01A-21D-1855-08	233	122	75	0	0
TCGA-49-4488-01A-01D-1753-08	264	0	35	0	62
TCGA-49-4490-01A-21D-1855-08	0	17	21	27	0
TCGA-49-4494-01A-01D-1265-08	141	37	17	34	1
TCGA-49-4501-01A-01D-1265-08	0	0	15	45	12
TCGA-49-4505-01A-01D-1931-08	156	6	22	54	32
TCGA-49-4506-01A-01D-1265-08	70	29	5	21	14
TCGA-49-4507-01A-01D-1265-08	97	18	55	41	34
TCGA-49-4510-01A-01D-1265-08	18	39	7	0	0
TCGA-49-4512-01A-21D-1855-08	12	0	10	33	0
TCGA-49-4514-01A-21D-1855-08	170	57	136	37	6
TCGA-49-6742-01A-11D-1855-08	46	0	148	35	118
TCGA-49-6743-01A-11D-1855-08	382	173	244	41	96
TCGA-49-6744-01A-11D-1855-08	191	54	13	12	7
TCGA-49-6745-01A-11D-1855-08	0	0	115	52	0
TCGA-49-6761-01A-31D-1945-08	67	10	92	28	45
TCGA-49-6767-01A-11D-1855-08	399	84	46	32	22
TCGA-49-AAQV-01A-11D-A397-08	0	29	45	12	0
TCGA-49-AAR0-01A-21D-A397-08	73	26	23	26	27
TCGA-49-AAR2-01A-11D-A397-08	418	0	26	38	0
TCGA-49-AAR3-01A-11D-A410-08	77	47	18	27	1
TCGA-49-AAR4-01A-12D-A410-08	420	120	132	13	17
TCGA-49-AAR9-01A-21D-A410-08	596	85	28	55	27
TCGA-49-AARE-01A-11D-A410-08	1186	178	124	67	89
TCGA-49-AARN-01A-21D-A410-08	224	0	34	0	658
TCGA-49-AARO-01A-12D-A410-08	635	41	46	1	4
TCGA-49-AARQ-01A-11D-A410-08	629	53	116	36	39
TCGA-49-AARR-01A-11D-A410-08	0	0	0	3	0
TCGA-4B-A93V-01A-11D-A397-08	85	37	12	17	14
TCGA-50-5044-01A-21D-1855-08	0	35	135	0	0
TCGA-50-5045-01A-01D-1625-08	311	25	26	2	2
TCGA-50-5049-01A-01D-1625-08	696	252	48	0	0
TCGA-50-5051-01A-21D-1855-08	88	9	10	29	3
TCGA-50-5055-01A-01D-1625-08	0	0	7	15	0
TCGA-50-5066-01A-01D-1625-08	170	103	26	7	31
TCGA-50-5068-01A-01D-1625-08	43	29	10	33	1
TCGA-50-5072-01A-21D-1855-08	98	36	22	13	24
TCGA-50-5930-01A-11D-1753-08	1084	138	35	33	42
TCGA-50-5931-01A-11D-1753-08	209	106	28	27	0
TCGA-50-5932-01A-11D-1753-08	66	21	0	0	0
TCGA-50-5933-01A-11D-1753-08	354	108	59	64	31
TCGA-50-5935-01A-11D-1753-08	0	32	71	19	0
TCGA-50-5936-01A-11D-1625-08	34	3	69	15	23
TCGA-50-5939-01A-11D-1625-08	11	13	23	21	34
TCGA-50-5941-01A-11D-1753-08	274	124	47	27	6
TCGA-50-5942-01A-21D-1753-08	26	20	0	15	10
TCGA-50-5944-01A-11D-1753-08	13	20	12	36	1
TCGA-50-5946-01A-11D-1753-08	433	130	183	53	0
TCGA-50-6590-01A-12D-1855-08	579	246	237	0	0
TCGA-50-6591-01A-11D-1753-08	6	22	5	22	11
TCGA-50-6592-01A-11D-1753-08	116	111	68	22	33
TCGA-50-6593-01A-11D-1753-08	221	96	14	17	36
TCGA-50-6594-01A-11D-1753-08	438	90	64	18	16
TCGA-50-6595-01A-12D-1855-08	17	38	33	16	14
TCGA-50-6597-01A-11D-1855-08	0	0	24	28	24
TCGA-50-6673-01A-11D-1945-08	1	24	6	27	4
TCGA-50-7109-01A-11D-2036-08	185	58	11	42	7
TCGA-50-8457-01A-11D-2323-08	22	21	8	14	2
TCGA-50-8459-01A-11D-2323-08	66	10	5	25	8
TCGA-50-8460-01A-11D-2323-08	6	0	5	14	11
TCGA-53-7624-01A-11D-2063-08	567	144	190	49	42
TCGA-53-7626-01A-12D-2063-08	307	81	52	0	0
TCGA-53-7813-01A-11D-2167-08	111	40	1	24	5
TCGA-53-A4EZ-01A-12D-A24P-08	463	70	43	49	25
TCGA-55-1592-01A-01D-0969-08	247	258	74	39	60
TCGA-55-1594-01A-01D-1040-01	55	40	90	31	10
TCGA-55-1595-01A-01D-0969-08	260	75	19	28	18
TCGA-55-1596-01A-01D-1040-01	77	116	9	18	7
TCGA-55-5899-01A-11D-1625-08	306	34	133	26	42
TCGA-55-6543-01A-11D-1753-08	0	0	4	21	0
TCGA-55-6642-01A-11D-1855-08	104	14	8	15	10
TCGA-55-6712-01A-11D-1855-08	37	0	124	31	0
TCGA-55-6968-01A-11D-1945-08	136	0	510	0	0
TCGA-55-6969-01A-11D-1945-08	268	160	17	1	56
TCGA-55-6970-01A-11D-1945-08	120	42	11	17	17
TCGA-55-6971-01A-11D-1945-08	42	41	6	5	12
TCGA-55-6972-01A-11D-1945-08	97	0	145	0	93
TCGA-55-6975-01A-11D-1945-08	35	20	12	21	8
TCGA-55-6978-01A-11D-1945-08	0	14	0	20	0
TCGA-55-6979-01A-11D-1945-08	59	52	56	0	0
TCGA-55-6980-01A-11D-1945-08	0	10	0	5	0
TCGA-55-6981-01A-11D-1945-08	11	0	10	39	0
TCGA-55-6982-01A-11D-1945-08	0	0	283	0	0
TCGA-55-6983-01A-11D-1945-08	67	23	8	27	7
TCGA-55-6984-01A-11D-1945-08	0	21	0	6	0
TCGA-55-6985-01A-11D-1945-08	387	153	0	34	0
TCGA-55-6986-01A-11D-1945-08	0	14	0	11	0
TCGA-55-6987-01A-11D-1945-08	88	68	96	0	0
TCGA-55-7227-01A-11D-2036-08	110	27	13	28	24
TCGA-55-7281-01A-11D-2036-08	317	124	54	30	23
TCGA-55-7283-01A-11D-2036-08	109	10	70	77	21
TCGA-55-7284-01B-11D-2238-08	0	0	0	57	0
TCGA-55-7570-01A-11D-2036-08	176	164	109	0	0
TCGA-55-7573-01A-11D-2036-08	20	19	9	4	11
TCGA-55-7574-01A-11D-2036-08	69	95	156	0	0
TCGA-55-7576-01A-11D-2063-08	269	78	25	68	48
TCGA-55-7724-01A-11D-2167-08	54	121	44	45	13
TCGA-55-7725-01A-11D-2167-08	94	29	3	16	11
TCGA-55-7726-01A-11D-2167-08	0	0	99	41	0
TCGA-55-7727-01A-11D-2167-08	113	8	115	30	43
TCGA-55-7728-01A-11D-2184-08	85	0	0	34	0
TCGA-55-7815-01A-11D-2167-08	106	18	10	33	11
TCGA-55-7816-01A-11D-2167-08	0	0	0	2	0
TCGA-55-7903-01A-11D-2167-08	82	3	29	50	22
TCGA-55-7907-01A-11D-2167-08	946	200	276	0	0
TCGA-55-7910-01A-11D-2167-08	252	49	17	45	0
TCGA-55-7911-01A-11D-2167-08	150	69	28	24	2
TCGA-55-7913-01B-11D-2238-08	250	53	53	52	17
TCGA-55-7914-01A-11D-2167-08	102	29	30	46	2
TCGA-55-7994-01A-11D-2184-08	1309	305	114	104	22
TCGA-55-7995-01A-11D-2184-08	422	177	121	23	65
TCGA-55-8085-01A-11D-2238-08	132	0	146	46	0
TCGA-55-8087-01A-11D-2238-08	0	8	9	19	0
TCGA-55-8089-01A-11D-2238-08	792	140	486	52	54
TCGA-55-8090-01A-11D-2238-08	48	43	4	13	2
TCGA-55-8091-01A-11D-2238-08	4	1	1	28	1
TCGA-55-8092-01A-11D-2238-08	341	0	160	92	122
TCGA-55-8094-01A-11D-2238-08	375	54	18	37	66
TCGA-55-8096-01A-11D-2238-08	93	37	18	27	4
TCGA-55-8097-01A-11D-2238-08	62	0	18	57	0
TCGA-55-8203-01A-11D-2238-08	369	72	10	65	2
TCGA-55-8204-01A-11D-2238-08	61	76	97	25	4
TCGA-55-8205-01A-11D-2238-08	254	161	224	0	0
TCGA-55-8206-01A-11D-2238-08	7	0	7	15	8
TCGA-55-8207-01A-11D-2238-08	224	89	20	47	0
TCGA-55-8208-01A-11D-2238-08	79	125	213	10	15
TCGA-55-8299-01A-11D-2284-08	159	62	16	11	20
TCGA-55-8301-01A-11D-2284-08	193	93	37	30	3
TCGA-55-8302-01A-11D-2323-08	584	161	37	44	0
TCGA-55-8505-01A-11D-2393-08	1	7	17	19	2
TCGA-55-8506-01A-11D-2393-08	1206	0	0	866	0
TCGA-55-8507-01A-11D-2393-08	845	181	48	66	46
TCGA-55-8508-01A-11D-2393-08	127	10	14	39	31
TCGA-55-8510-01A-11D-2393-08	270	51	39	19	0
TCGA-55-8511-01A-11D-2393-08	434	21	94	57	89
TCGA-55-8512-01A-11D-2393-08	19	16	5	5	3
TCGA-55-8513-01A-11D-2393-08	0	0	0	8	0
TCGA-55-8514-01A-11D-2393-08	266	0	19	62	0
TCGA-55-8614-01A-11D-2393-08	67	122	39	66	0
TCGA-55-8615-01A-11D-2393-08	62	49	4	20	22
TCGA-55-8616-01A-11D-2393-08	492	0	29	70	0
TCGA-55-8619-01A-11D-2393-08	0	0	0	27	0
TCGA-55-8620-01A-11D-2393-08	372	107	22	78	22
TCGA-55-8621-01A-11D-2393-08	37	31	10	11	0
TCGA-55-A48X-01A-11D-A24D-08	336	67	41	21	11
TCGA-55-A48Y-01A-11D-A24D-08	0	0	406	33	0
TCGA-55-A48Z-01A-12D-A24P-08	15	14	6	22	9
TCGA-55-A490-01A-11D-A24D-08	1247	115	147	58	44
TCGA-55-A491-01A-11D-A24D-08	281	86	42	33	18
TCGA-55-A492-01A-11D-A24D-08	197	63	22	40	24
TCGA-55-A493-01A-11D-A24D-08	152	3	92	32	57
TCGA-55-A494-01A-11D-A24P-08	177	2	21	77	9
TCGA-55-A4DF-01A-11D-A24D-08	165	71	679	48	6
TCGA-55-A4DG-01A-11D-A24D-08	624	131	34	42	0
TCGA-55-A57B-01A-12D-A397-08	6	2	10	26	4
TCGA-62-8394-01A-11D-2323-08	22	65	54	27	4
TCGA-62-8395-01A-11D-2323-08	4	24	19	37	1
TCGA-62-8397-01A-11D-2323-08	7	0	0	15	10
TCGA-62-8398-01A-11D-2323-08	47	0	10	27	18
TCGA-62-8399-01A-21D-2323-08	291	0	286	64	0
TCGA-62-8402-01A-11D-2323-08	4	20	7	28	9
TCGA-62-A46O-01A-11D-A24D-08	640	151	177	58	41
TCGA-62-A46P-01A-11D-A24D-08	287	0	0	58	0
TCGA-62-A46R-01A-11D-A24D-08	86	9	31	42	39
TCGA-62-A46S-01A-11D-A24D-08	70	0	14	40	29
TCGA-62-A46U-01A-11D-A24D-08	12	3	8	25	4
TCGA-62-A46V-01A-11D-A24D-08	7	10	5	33	14
TCGA-62-A46Y-01A-11D-A24D-08	8	0	0	21	10
TCGA-62-A470-01A-11D-A24D-08	53	21	13	51	6
TCGA-62-A471-01A-12D-A24D-08	3	15	78	23	25
TCGA-62-A472-01A-11D-A24D-08	20	17	4	14	15
TCGA-64-1676-01A-01D-0969-08	534	94	24	48	19
TCGA-64-1679-01A-21D-2063-08	423	83	64	22	7
TCGA-64-1680-01A-02D-0969-08	11	0	34	31	0
TCGA-64-1681-01A-11D-2063-08	4	22	27	11	42
TCGA-64-5774-01A-01D-1625-08	127	0	11	33	0
TCGA-64-5775-01A-01D-1625-08	429	60	29	51	9
TCGA-64-5778-01A-01D-1625-08	388	72	46	35	28
TCGA-64-5779-01A-01D-1625-08	318	40	19	50	5
TCGA-64-5781-01A-01D-1625-08	894	145	175	49	119
TCGA-64-5815-01A-01D-1625-08	131	33	8	32	4
TCGA-67-3770-01A-01D-0969-08	155	52	7	25	21
TCGA-67-3771-01A-01D-1040-01	511	302	402	49	34
TCGA-67-3773-01A-01D-1040-01	73	6	3	24	17
TCGA-67-3774-01A-01D-1040-01	58	61	10	8	8
TCGA-67-4679-01B-01D-1753-08	214	72	16	26	15
TCGA-67-6215-01A-11D-1753-08	0	0	0	0	137
TCGA-67-6216-01A-11D-1753-08	0	17	14	12	0
TCGA-67-6217-01A-11D-1753-08	133	19	14	34	28
TCGA-69-7760-01A-11D-2167-08	15	8	4	33	25
TCGA-69-7761-01A-11D-2167-08	10	7	1	8	10
TCGA-69-7763-01A-11D-2167-08	34	9	2	43	11
TCGA-69-7764-01A-11D-2167-08	32	40	8	25	9
TCGA-69-7765-01A-11D-2167-08	495	112	87	11	38
TCGA-69-7973-01A-11D-2184-08	242	0	21	40	0
TCGA-69-7974-01A-11D-2184-08	402	126	47	53	0
TCGA-69-7978-01A-11D-2184-08	386	134	240	0	0
TCGA-69-7979-01A-11D-2184-08	1520	0	140	104	0
TCGA-69-7980-01A-11D-2184-08	509	226	219	0	0
TCGA-69-8253-01A-11D-2284-08	110	11	34	20	26
TCGA-69-8254-01A-11D-2284-08	26	22	0	30	17
TCGA-69-8255-01A-11D-2284-08	137	66	47	43	60
TCGA-69-A59K-01A-11D-A25L-08	479	0	65	79	0
TCGA-71-6725-01A-11D-1855-08	0	0	11	60	0
TCGA-71-8520-01A-11D-2393-08	24	1	24	49	5
TCGA-73-4658-01A-01D-1753-08	166	0	175	42	57
TCGA-73-4659-01A-01D-1265-08	142	71	14	22	5
TCGA-73-4662-01A-01D-1265-08	153	45	22	26	14
TCGA-73-4666-01A-01D-1265-08	292	62	27	34	42
TCGA-73-4668-01A-01D-1265-08	412	158	0	42	0
TCGA-73-4670-01A-01D-1265-08	244	41	23	37	78
TCGA-73-4675-01A-01D-1265-08	16	35	5	20	8
TCGA-73-4676-01A-01D-1753-08	26	38	0	26	21
TCGA-73-4677-01A-01D-1265-08	180	55	18	32	15
TCGA-73-7498-01A-12D-2184-08	66	27	2	27	12
TCGA-73-7499-01A-11D-2184-08	0	37	20	25	0
TCGA-73-A9RS-01A-11D-A410-08	910	90	97	28	28
TCGA-75-5122-01A-01D-1753-08	51	36	38	40	0
TCGA-75-5125-01A-01D-1753-08	66	58	54	30	0
TCGA-75-5126-01A-01D-1753-08	415	90	234	25	7
TCGA-75-5146-01A-01D-1625-08	176	17	14	5	21
TCGA-75-5147-01A-01D-1625-08	1	6	12	21	5
TCGA-75-6203-01A-11D-1753-08	0	0	0	19	0
TCGA-75-6205-01A-11D-1753-08	4	23	10	10	12
TCGA-75-6206-01A-11D-1753-08	38	48	19	0	0
TCGA-75-6207-01A-11D-1753-08	9	34	17	23	0
TCGA-75-6211-01A-11D-1753-08	276	103	28	32	0
TCGA-75-6212-01A-11D-1753-08	1	1	3	12	4
TCGA-75-6214-01A-41D-1945-08	433	166	227	47	0
TCGA-75-7025-01A-12D-1945-08	0	0	7	23	8
TCGA-75-7027-01A-11D-1945-08	180	74	13	21	7
TCGA-75-7030-01A-11D-1945-08	5	0	0	13	0
TCGA-75-7031-01A-11D-1945-08	102	75	27	36	17
TCGA-78-7145-01A-11D-2036-08	134	38	23	27	0
TCGA-78-7146-01A-11D-2036-08	210	47	137	47	11
TCGA-78-7147-01A-11D-2036-08	167	106	56	41	47
TCGA-78-7148-01A-11D-2036-08	135	63	9	30	32
TCGA-78-7149-01A-11D-2036-08	36	34	107	16	5
TCGA-78-7150-01A-21D-2036-08	141	94	179	41	46
TCGA-78-7152-01A-11D-2036-08	98	0	121	28	0
TCGA-78-7153-01A-11D-2036-08	30	37	33	47	4
TCGA-78-7154-01A-11D-2036-08	50	34	132	67	33
TCGA-78-7155-01A-11D-2036-08	1190	277	160	53	110
TCGA-78-7156-01A-11D-2036-08	161	0	200	46	0
TCGA-78-7158-01A-11D-2036-08	147	25	54	26	27
TCGA-78-7159-01A-11D-2036-08	253	47	15	41	21
TCGA-78-7160-01A-11D-2036-08	3	38	5	8	2
TCGA-78-7161-01A-11D-2036-08	131	30	17	35	19
TCGA-78-7162-01A-21D-2063-08	29	30	21	12	8
TCGA-78-7163-01A-12D-2063-08	8	0	0	18	0
TCGA-78-7166-01A-12D-2063-08	201	7	10	17	38
TCGA-78-7167-01A-11D-2063-08	57	4	44	35	6
TCGA-78-7220-01A-11D-2036-08	588	152	139	45	103
TCGA-78-7535-01A-11D-2063-08	94	52	1	13	55
TCGA-78-7536-01A-11D-2063-08	486	85	12	49	95
TCGA-78-7537-01A-11D-2063-08	74	37	20	11	21
TCGA-78-7539-01A-11D-2063-08	156	0	385	60	0
TCGA-78-7540-01A-11D-2063-08	0	0	5	31	0
TCGA-78-7542-01A-21D-2063-08	320	0	43	42	56
TCGA-78-7633-01A-11D-2063-08	79	28	11	15	0
TCGA-78-8640-01A-11D-2393-08	433	188	153	67	55
TCGA-78-8648-01A-11D-2393-08	11	0	0	5	0
TCGA-78-8655-01A-11D-2393-08	67	7	10	32	11
TCGA-78-8660-01A-11D-2393-08	121	80	52	25	23
TCGA-78-8662-01A-11D-2393-08	867	282	112	58	80
TCGA-80-5607-01A-31D-1945-08	0	0	156	0	0
TCGA-80-5608-01A-31D-1945-08	113	45	13	24	0
TCGA-80-5611-01A-01D-1625-08	58	123	11	20	27
TCGA-83-5908-01A-21D-2284-08	118	63	111	0	0
TCGA-86-6562-01A-11D-1753-08	11	10	26	20	5
TCGA-86-6851-01A-11D-1945-08	653	271	147	0	0
TCGA-86-7701-01A-11D-2167-08	140	46	6	31	24
TCGA-86-7711-01A-11D-2063-08	92	69	62	28	14
TCGA-86-7713-01A-11D-2063-08	101	41	11	18	13
TCGA-86-7714-01A-12D-2167-08	30	33	4	14	8
TCGA-86-7953-01A-11D-2184-08	15	21	9	12	7
TCGA-86-7954-01A-11D-2184-08	108	46	54	52	25
TCGA-86-7955-01A-11D-2184-08	175	77	34	29	49
TCGA-86-8054-01A-11D-2238-08	154	24	19	28	38
TCGA-86-8055-01A-11D-2238-08	8	5	4	32	13
TCGA-86-8056-01A-11D-2238-08	77	0	188	31	40
TCGA-86-8073-01A-11D-2238-08	1429	140	135	55	66
TCGA-86-8074-01A-11D-2238-08	17	8	4	17	32
TCGA-86-8075-01A-11D-2238-08	1	19	6	32	4
TCGA-86-8076-01A-31D-2238-08	17	9	27	28	1
TCGA-86-8278-01A-11D-2284-08	0	0	122	21	0
TCGA-86-8279-01A-11D-2284-08	436	101	24	37	22
TCGA-86-8280-01A-11D-2284-08	0	33	4	17	0
TCGA-86-8281-01A-11D-2284-08	189	50	49	45	0
TCGA-86-8358-01A-11D-2323-08	903	229	49	99	59
TCGA-86-8359-01A-11D-2323-08	121	14	13	24	25
TCGA-86-8585-01A-11D-2393-08	363	191	138	0	0
TCGA-86-8668-01A-11D-2393-08	0	0	0	30	14
TCGA-86-8669-01A-11D-2393-08	62	49	15	37	4
TCGA-86-8671-01A-11D-2393-08	3	12	13	15	4
TCGA-86-8672-01A-21D-2393-08	210	19	55	42	41
TCGA-86-8673-01A-11D-2393-08	324	143	55	21	45
TCGA-86-8674-01A-21D-2393-08	275	0	48	0	44
TCGA-86-A456-01A-11D-A24D-08	288	53	41	25	37
TCGA-86-A4JF-01A-11D-A24P-08	276	398	151	677	110
TCGA-86-A4P7-01A-11D-A24P-08	0	35	30	18	0
TCGA-86-A4P8-01A-11D-A24P-08	0	2	0	0	0
TCGA-91-6828-01A-11D-1855-08	218	35	35	32	13
TCGA-91-6829-01A-21D-1855-08	411	241	63	32	41
TCGA-91-6830-01A-11D-1945-08	0	51	256	0	0
TCGA-91-6831-01A-11D-1855-08	143	140	17	29	0
TCGA-91-6835-01A-11D-1855-08	28	46	22	13	3
TCGA-91-6836-01A-21D-1855-08	363	99	36	48	14
TCGA-91-6840-01A-11D-1945-08	0	29	87	22	0
TCGA-91-6847-01A-11D-1945-08	7	26	21	48	1
TCGA-91-6848-01A-11D-1945-08	354	231	118	20	8
TCGA-91-6849-01A-11D-1945-08	70	30	10	11	13
TCGA-91-7771-01A-11D-2167-08	91	69	23	18	45
TCGA-91-8496-01A-11D-2393-08	0	13	6	21	0
TCGA-91-8497-01A-11D-2393-08	14	7	6	22	7
TCGA-91-8499-01A-11D-2393-08	151	52	108	39	26
TCGA-91-A4BC-01A-11D-A24D-08	390	66	34	54	10
TCGA-91-A4BD-01A-11D-A24D-08	0	0	0	17	10
TCGA-93-7347-01A-11D-2184-08	78	31	14	14	2
TCGA-93-7348-01A-21D-2036-08	42	16	18	33	20
TCGA-93-8067-01A-11D-2284-08	80	0	573	0	0
TCGA-93-A4JN-01A-11D-A24P-08	19	12	15	31	20
TCGA-93-A4JO-01A-21D-A24P-08	0	38	15	12	0
TCGA-93-A4JP-01A-11D-A24P-08	15	0	28	18	18
TCGA-93-A4JQ-01A-11D-A24P-08	0	78	67	0	0
TCGA-95-7039-01A-11D-1945-08	1033	230	84	66	101
TCGA-95-7043-01A-11D-1945-08	1011	105	89	91	6
TCGA-95-7562-01A-11D-2238-08	374	25	15	39	1
TCGA-95-7567-01A-11D-2063-08	328	403	0	385	0
TCGA-95-7944-01A-11D-2184-08	27	0	276	0	0
TCGA-95-7947-01A-11D-2184-08	188	125	257	36	49
TCGA-95-7948-01A-11D-2184-08	0	0	165	17	0
TCGA-95-8039-01A-11D-2238-08	28	18	24	30	17
TCGA-95-8494-01A-11D-2323-08	0	0	70	40	22
TCGA-95-A4VK-01A-11D-A25L-08	216	19	14	47	15
TCGA-95-A4VN-01A-11D-A25L-08	414	68	56	25	13
TCGA-95-A4VP-01A-21D-A25L-08	88	46	2	19	4
TCGA-97-7546-01A-11D-2036-08	234	61	19	26	5
TCGA-97-7547-01A-11D-2036-08	115	0	75	31	0
TCGA-97-7552-01A-11D-2036-08	0	0	0	31	15
TCGA-97-7553-01A-21D-2036-08	22	0	4	25	0
TCGA-97-7554-01A-11D-2036-08	350	85	24	46	40
TCGA-97-7937-01A-11D-2167-08	392	51	42	64	1
TCGA-97-7938-01A-11D-2167-08	324	81	61	35	0
TCGA-97-7941-01A-11D-2184-08	57	10	19	23	9
TCGA-97-8171-01A-11D-2284-08	11	17	0	39	0
TCGA-97-8172-01A-11D-2284-08	200	28	3	64	31
TCGA-97-8174-01A-11D-2284-08	121	0	37	54	0
TCGA-97-8175-01A-11D-2284-08	6	11	4	10	8
TCGA-97-8176-01A-11D-2393-08	61	18	58	32	25
TCGA-97-8177-01A-11D-2284-08	3	10	6	14	14
TCGA-97-8179-01A-11D-2284-08	133	44	15	7	4
TCGA-97-8547-01A-11D-2393-08	7	0	18	30	14
TCGA-97-8552-01A-11D-2393-08	5	7	2	12	2
TCGA-97-A4LX-01A-11D-A24P-08	128	67	8	2	9
TCGA-97-A4M0-01A-11D-A24P-08	272	104	84	12	19
TCGA-97-A4M1-01A-11D-A24P-08	9	0	14	30	0
TCGA-97-A4M2-01A-12D-A24P-08	7	9	10	6	0
TCGA-97-A4M3-01A-11D-A24P-08	163	16	35	23	7
TCGA-97-A4M5-01A-11D-A24P-08	0	0	151	0	36
TCGA-97-A4M6-01A-11D-A24P-08	1	11	5	12	13
TCGA-97-A4M7-01A-11D-A24P-08	290	16	18	27	23
TCGA-99-7458-01A-11D-2036-08	361	143	22	27	16
TCGA-99-8025-01A-11D-2238-08	238	79	171	73	20
TCGA-99-8028-01A-11D-2238-08	404	131	0	0	0
TCGA-99-8032-01A-11D-2238-08	319	64	41	54	2
TCGA-99-8033-01A-11D-2238-08	111	53	16	29	12
TCGA-99-AA5R-01A-11D-A397-08	49	24	0	0	0
TCGA-J2-8192-01A-11D-2238-08	8	36	12	33	1
TCGA-J2-8194-01A-11D-2238-08	78	38	11	44	16
TCGA-J2-A4AD-01A-11D-A24D-08	91	141	181	0	0
TCGA-J2-A4AE-01A-21D-A24D-08	0	20	17	24	0
TCGA-J2-A4AG-01A-11D-A24D-08	57	8	8	36	2
TCGA-L4-A4E5-01A-11D-A24P-08	302	33	16	23	37
TCGA-L4-A4E6-01A-11D-A24D-08	13	0	7	0	0
TCGA-L9-A443-01A-12D-A24D-08	184	70	18	12	19
TCGA-L9-A444-01A-21D-A24D-08	536	51	29	37	37
TCGA-L9-A50W-01A-12D-A397-08	6	0	7	5	17
TCGA-L9-A5IP-01A-21D-A397-08	233	54	26	17	16
TCGA-L9-A743-01A-43D-A397-08	61	32	74	0	0
TCGA-L9-A7SV-01A-11D-A397-08	1814	0	86	74	0
TCGA-L9-A8F4-01A-11D-A397-08	604	218	85	30	20
TCGA-MN-A4N1-01A-11D-A24P-08	369	82	43	62	16
TCGA-MN-A4N4-01A-12D-A24P-08	1141	114	459	58	53
TCGA-MN-A4N5-01A-11D-A24P-08	362	62	53	30	45
TCGA-MP-A4SV-01A-11D-A24P-08	143	105	155	27	0
TCGA-MP-A4SW-01A-21D-A24P-08	11	8	14	46	5
TCGA-MP-A4SY-01A-21D-A24P-08	57	94	31	26	0
TCGA-MP-A4T4-01A-11D-A25L-08	316	61	38	31	26
TCGA-MP-A4T6-01A-32D-A25L-08	3	27	27	31	5
TCGA-MP-A4T7-01A-11D-A24P-08	117	0	0	22	20
TCGA-MP-A4T8-01A-11D-A24P-08	74	13	7	23	25
TCGA-MP-A4T9-01A-11D-A24P-08	12	16	12	4	2
TCGA-MP-A4TA-01A-21D-A24P-08	222	135	38	41	8
TCGA-MP-A4TC-01A-11D-A24P-08	218	25	33	21	21
TCGA-MP-A4TD-01A-32D-A25L-08	48	21	3	23	4
TCGA-MP-A4TE-01A-22D-A25L-08	77	14	5	71	1
TCGA-MP-A4TF-01A-11D-A25L-08	344	99	29	27	33
TCGA-MP-A4TH-01A-31D-A25L-08	44	42	2	29	18
TCGA-MP-A4TI-01A-21D-A24P-08	70	0	164	0	74
TCGA-MP-A4TJ-01A-51D-A25L-08	48	26	1	23	13
TCGA-MP-A4TK-01A-11D-A24P-08	275	44	72	13	35
TCGA-MP-A5C7-01A-11D-A25L-08	27	23	2	28	12
TCGA-NJ-A4YF-01A-12D-A25L-08	586	84	40	33	11
TCGA-NJ-A4YG-01A-22D-A25L-08	69	12	53	45	10
TCGA-NJ-A4YI-01A-11D-A25L-08	385	52	36	51	25
TCGA-NJ-A4YP-01A-11D-A25L-08	137	0	444	0	100
TCGA-NJ-A4YQ-01A-11D-A25L-08	1000	235	33	40	45
TCGA-NJ-A55A-01A-11D-A25L-08	91	33	10	12	0
TCGA-NJ-A55O-01A-11D-A25L-08	129	6	14	14	1
TCGA-NJ-A55R-01A-11D-A25L-08	184	94	17	12	8
TCGA-NJ-A7XG-01A-12D-A397-08	14	0	0	28	0
TCGA-O1-A52J-01A-11D-A25L-08	132	33	14	24	5
TCGA-S2-AA1A-01A-12D-A397-08	101	22	6	14	1
